pos,AA,AC,AD,AE,AF,AG,AH,AI,AK,AL,AM,AN,AP,AQ,AR,AS,AT,AV,AW,AY,CA,CC,CD,CE,CF,CG,CH,CI,CK,CL,CM,CN,CP,CQ,CR,CS,CT,CV,CW,CY,DA,DC,DD,DE,DF,DG,DH,DI,DK,DL,DM,DN,DP,DQ,DR,DS,DT,DV,DW,DY,EA,EC,ED,EE,EF,EG,EH,EI,EK,EL,EM,EN,EP,EQ,ER,ES,ET,EV,EW,EY,FA,FC,FD,FE,FF,FG,FH,FI,FK,FL,FM,FN,FP,FQ,FR,FS,FT,FV,FW,FY,GA,GC,GD,GE,GF,GG,GH,GI,GK,GL,GM,GN,GP,GQ,GR,GS,GT,GV,GW,GY,HA,HC,HD,HE,HF,HG,HH,HI,HK,HL,HM,HN,HP,HQ,HR,HS,HT,HV,HW,HY,IA,IC,ID,IE,IF,IG,IH,II,IK,IL,IM,IN,IP,IQ,IR,IS,IT,IV,IW,IY,KA,KC,KD,KE,KF,KG,KH,KI,KK,KL,KM,KN,KP,KQ,KR,KS,KT,KV,KW,KY,LA,LC,LD,LE,LF,LG,LH,LI,LK,LL,LM,LN,LP,LQ,LR,LS,LT,LV,LW,LY,MA,MC,MD,ME,MF,MG,MH,MI,MK,ML,MM,MN,MP,MQ,MR,MS,MT,MV,MW,MY,NA,NC,ND,NE,NF,NG,NH,NI,NK,NL,NM,NN,NP,NQ,NR,NS,NT,NV,NW,NY,PA,PC,PD,PE,PF,PG,PH,PI,PK,PL,PM,PN,PP,PQ,PR,PS,PT,PV,PW,PY,QA,QC,QD,QE,QF,QG,QH,QI,QK,QL,QM,QN,QP,QQ,QR,QS,QT,QV,QW,QY,RA,RC,RD,RE,RF,RG,RH,RI,RK,RL,RM,RN,RP,RQ,RR,RS,RT,RV,RW,RY,SA,SC,SD,SE,SF,SG,SH,SI,SK,SL,SM,SN,SP,SQ,SR,SS,ST,SV,SW,SY,TA,TC,TD,TE,TF,TG,TH,TI,TK,TL,TM,TN,TP,TQ,TR,TS,TT,TV,TW,TY,VA,VC,VD,VE,VF,VG,VH,VI,VK,VL,VM,VN,VP,VQ,VR,VS,VT,VV,VW,VY,WA,WC,WD,WE,WF,WG,WH,WI,WK,WL,WM,WN,WP,WQ,WR,WS,WT,WV,WW,WY,YA,YC,YD,YE,YF,YG,YH,YI,YK,YL,YM,YN,YP,YQ,YR,YS,YT,YV,YW,YY
I2_P,0.0847,0.0,0.0,0.0,0.0,0.0,0.0,0.0,0.0,0.0,0.0,0.0,0.0,0.0,0.0,0.0,0.0,0.0,0.0,0.0,0.0,0.00745,0.0,0.0,0.0,0.0,0.0,0.0,0.0,0.0,0.0,0.0,0.0,0.0,0.0,0.0,0.0,0.0,0.0,0.0,0.0,0.0,0.0456,0.0,0.0,0.0,0.0,0.0,0.0,0.0,0.0,0.0,0.0,0.0,0.0,0.0,0.0,0.0,0.0,0.0,0.0,0.0,0.0,0.139,0.0,0.0,0.0,0.0,0.0,0.0,0.0,0.0,0.0,0.0,0.0,0.0,0.0,0.0,0.0,0.0,0.0,0.0,0.0,0.0,0.0289,0.0,0.0,0.0,0.0,0.0,0.0,0.0,0.0,0.0,0.0,0.0,0.0,0.0,0.0,0.0,0.0,0.0,0.0,0.0,0.0,0.0158,0.0,0.0,0.0,0.0,0.0,0.0,0.0,0.0,0.0,0.0,0.0,0.0,0.0,0.0,0.0,0.0,0.0,0.0,0.0,0.0,0.0233,0.0,0.0,0.0,0.0,0.0,0.0,0.0,0.0,0.0,0.0,0.0,0.0,0.0,0.0,0.0,0.0,0.0,0.0,0.0,0.0,0.0661,0.0,0.0,0.0,0.0,0.0,0.0,0.0,0.0,0.0,0.0,0.0,0.0,0.0,0.0,0.0,0.0,0.0,0.0,0.0,0.0,0.0745,0.0,0.0,0.0,0.0,0.0,0.0,0.0,0.0,0.0,0.0,0.0,0.0,0.0,0.0,0.0,0.0,0.0,0.0,0.0,0.0,0.161,0.0,0.0,0.0,0.0,0.0,0.0,0.0,0.0,0.0,0.0,0.0,0.0,0.0,0.0,0.0,0.0,0.0,0.0,0.0,0.0,0.027,0.0,0.0,0.0,0.0,0.0,0.0,0.0,0.0,0.0,0.0,0.0,0.0,0.0,0.0,0.0,0.0,0.0,0.0,0.0,0.0,0.0307,0.0,0.0,0.0,0.0,0.0,0.0,0.0,0.0,0.0,0.0,0.0,0.0,0.0,0.0,0.0,0.0,0.0,0.0,0.0,0.0,0.00372,0.0,0.0,0.0,0.0,0.0,0.0,0.0,0.0,0.0,0.0,0.0,0.0,0.0,0.0,0.0,0.0,0.0,0.0,0.0,0.0,0.0773,0.0,0.0,0.0,0.0,0.0,0.0,0.0,0.0,0.0,0.0,0.0,0.0,0.0,0.0,0.0,0.0,0.0,0.0,0.0,0.0,0.0717,0.0,0.0,0.0,0.0,0.0,0.0,0.0,0.0,0.0,0.0,0.0,0.0,0.0,0.0,0.0,0.0,0.0,0.0,0.0,0.0,0.0512,0.0,0.0,0.0,0.0,0.0,0.0,0.0,0.0,0.0,0.0,0.0,0.0,0.0,0.0,0.0,0.0,0.0,0.0,0.0,0.0,0.0289,0.0,0.0,0.0,0.0,0.0,0.0,0.0,0.0,0.0,0.0,0.0,0.0,0.0,0.0,0.0,0.0,0.0,0.0,0.0,0.0,0.0447,0.0,0.0,0.0,0.0,0.0,0.0,0.0,0.0,0.0,0.0,0.0,0.0,0.0,0.0,0.0,0.0,0.0,0.0,0.0,0.0,0.00372,0.0,0.0,0.0,0.0,0.0,0.0,0.0,0.0,0.0,0.0,0.0,0.0,0.0,0.0,0.0,0.0,0.0,0.0,0.0,0.0,0.0149
I3_P,0.0847,0.0,0.0,0.0,0.0,0.0,0.0,0.0,0.0,0.0,0.0,0.0,0.0,0.0,0.0,0.0,0.0,0.0,0.0,0.0,0.0,0.00745,0.0,0.0,0.0,0.0,0.0,0.0,0.0,0.0,0.0,0.0,0.0,0.0,0.0,0.0,0.0,0.0,0.0,0.0,0.0,0.0,0.0456,0.0,0.0,0.0,0.0,0.0,0.0,0.0,0.0,0.0,0.0,0.0,0.0,0.0,0.0,0.0,0.0,0.0,0.0,0.0,0.0,0.139,0.0,0.0,0.0,0.0,0.0,0.0,0.0,0.0,0.0,0.0,0.0,0.0,0.0,0.0,0.0,0.0,0.0,0.0,0.0,0.0,0.0289,0.0,0.0,0.0,0.0,0.0,0.0,0.0,0.0,0.0,0.0,0.0,0.0,0.0,0.0,0.0,0.0,0.0,0.0,0.0,0.0,0.0158,0.0,0.0,0.0,0.0,0.0,0.0,0.0,0.0,0.0,0.0,0.0,0.0,0.0,0.0,0.0,0.0,0.0,0.0,0.0,0.0,0.0233,0.0,0.0,0.0,0.0,0.0,0.0,0.0,0.0,0.0,0.0,0.0,0.0,0.0,0.0,0.0,0.0,0.0,0.0,0.0,0.0,0.0661,0.0,0.0,0.0,0.0,0.0,0.0,0.0,0.0,0.0,0.0,0.0,0.0,0.0,0.0,0.0,0.0,0.0,0.0,0.0,0.0,0.0745,0.0,0.0,0.0,0.0,0.0,0.0,0.0,0.0,0.0,0.0,0.0,0.0,0.0,0.0,0.0,0.0,0.0,0.0,0.0,0.0,0.161,0.0,0.0,0.0,0.0,0.0,0.0,0.0,0.0,0.0,0.0,0.0,0.0,0.0,0.0,0.0,0.0,0.0,0.0,0.0,0.0,0.027,0.0,0.0,0.0,0.0,0.0,0.0,0.0,0.0,0.0,0.0,0.0,0.0,0.0,0.0,0.0,0.0,0.0,0.0,0.0,0.0,0.0307,0.0,0.0,0.0,0.0,0.0,0.0,0.0,0.0,0.0,0.0,0.0,0.0,0.0,0.0,0.0,0.0,0.0,0.0,0.0,0.0,0.00372,0.0,0.0,0.0,0.0,0.0,0.0,0.0,0.0,0.0,0.0,0.0,0.0,0.0,0.0,0.0,0.0,0.0,0.0,0.0,0.0,0.0773,0.0,0.0,0.0,0.0,0.0,0.0,0.0,0.0,0.0,0.0,0.0,0.0,0.0,0.0,0.0,0.0,0.0,0.0,0.0,0.0,0.0717,0.0,0.0,0.0,0.0,0.0,0.0,0.0,0.0,0.0,0.0,0.0,0.0,0.0,0.0,0.0,0.0,0.0,0.0,0.0,0.0,0.0512,0.0,0.0,0.0,0.0,0.0,0.0,0.0,0.0,0.0,0.0,0.0,0.0,0.0,0.0,0.0,0.0,0.0,0.0,0.0,0.0,0.0289,0.0,0.0,0.0,0.0,0.0,0.0,0.0,0.0,0.0,0.0,0.0,0.0,0.0,0.0,0.0,0.0,0.0,0.0,0.0,0.0,0.0447,0.0,0.0,0.0,0.0,0.0,0.0,0.0,0.0,0.0,0.0,0.0,0.0,0.0,0.0,0.0,0.0,0.0,0.0,0.0,0.0,0.00372,0.0,0.0,0.0,0.0,0.0,0.0,0.0,0.0,0.0,0.0,0.0,0.0,0.0,0.0,0.0,0.0,0.0,0.0,0.0,0.0,0.0149
I2_A,0.007174089999999999,0.000631015,0.00386232,0.0117733,0.00244783,0.0013382600000000002,0.00197351,0.00559867,0.00631015,0.0136367,0.0022868999999999997,0.00260029,0.00031508400000000003,0.006547309999999999,0.0060729899999999995,0.00433664,0.00244783,0.0037860899999999998,0.00031508400000000003,0.00126203,0.000631015,5.55025e-05,0.00033972,0.00103555,0.000215305,0.00011771000000000001,0.000173585,0.000492445,0.000555025,0.0011994500000000001,0.00020115,0.00022871500000000002,2.7714000000000003e-05,0.0005758849999999999,0.000534165,0.00038144000000000003,0.000215305,0.000333015,2.7714000000000003e-05,0.000111005,0.00386232,0.00033972,0.00207936,0.006338400000000001,0.00131784,0.0007204800000000001,0.0010624800000000002,0.0030141600000000005,0.0033972,0.0073416,0.0012312,0.00139992,0.00016963200000000002,0.0035248799999999998,0.00326952,0.00233472,0.00131784,0.0020383199999999997,0.00016963200000000002,0.00067944,0.0117733,0.00103555,0.006338400000000001,0.019321000000000005,0.0040171,0.0021962000000000006,0.0032387000000000006,0.009187900000000002,0.0103555,0.022379000000000003,0.0037530000000000003,0.004267300000000001,0.0005170800000000001,0.0107447,0.0099663,0.007116800000000001,0.0040171,0.0062133,0.0005170800000000001,0.0020711,0.00244783,0.000215305,0.00131784,0.0040171,0.00083521,0.00045662000000000003,0.00067337,0.00191029,0.0021530499999999997,0.0046529,0.0007802999999999999,0.00088723,0.000107508,0.0022339699999999996,0.0020721299999999997,0.00147968,0.00083521,0.0012918299999999999,0.000107508,0.00043061,0.0013382600000000002,0.00011771000000000001,0.0007204800000000001,0.0021962000000000006,0.00045662000000000003,0.00024964000000000003,0.00036814000000000004,0.0010443800000000001,0.0011771000000000002,0.0025438,0.0004266,0.00048506000000000005,5.877600000000001e-05,0.00122134,0.00113286,0.0008089600000000002,0.00045662000000000003,0.00070626,5.877600000000001e-05,0.00023542000000000002,0.00197351,0.000173585,0.0010624800000000002,0.0032387000000000006,0.00067337,0.00036814000000000004,0.0005428900000000001,0.0015401300000000002,0.00173585,0.0037513000000000004,0.0006291000000000001,0.00071531,8.667600000000001e-05,0.00180109,0.00167061,0.00119296,0.00067337,0.00104151,8.667600000000001e-05,0.00034717,0.00559867,0.000492445,0.0030141600000000005,0.009187900000000002,0.00191029,0.0010443800000000001,0.0015401300000000002,0.004369210000000001,0.00492445,0.010642100000000002,0.0017847000000000002,0.00202927,0.00024589200000000005,0.00510953,0.0047393700000000006,0.0033843200000000006,0.00191029,0.00295467,0.00024589200000000005,0.00098489,0.00631015,0.000555025,0.0033972,0.0103555,0.0021530499999999997,0.0011771000000000002,0.00173585,0.00492445,0.00555025,0.0119945,0.0020115,0.00228715,0.00027714,0.005758849999999999,0.00534165,0.0038144,0.0021530499999999997,0.0033301499999999996,0.00027714,0.00111005,0.0136367,0.0011994500000000001,0.0073416,0.022379000000000003,0.0046529,0.0025438,0.0037513000000000004,0.010642100000000002,0.0119945,0.025921000000000003,0.004347,0.0049427,0.0005989200000000001,0.0124453,0.0115437,0.008243200000000001,0.0046529,0.0071966999999999995,0.0005989200000000001,0.0023989000000000003,0.0022868999999999997,0.00020115,0.0012312,0.0037530000000000003,0.0007802999999999999,0.0004266,0.0006291000000000001,0.0017847000000000002,0.0020115,0.004347,0.0007289999999999999,0.0008289,0.00010044000000000001,0.0020870999999999997,0.0019359,0.0013824,0.0007802999999999999,0.0012069,0.00010044000000000001,0.0004023,0.00260029,0.00022871500000000002,0.00139992,0.004267300000000001,0.00088723,0.00048506000000000005,0.00071531,0.00202927,0.00228715,0.0049427,0.0008289,0.0009424900000000001,0.000114204,0.00237311,0.00220119,0.0015718400000000001,0.00088723,0.00137229,0.000114204,0.00045743000000000004,0.00031508400000000003,2.7714000000000003e-05,0.00016963200000000002,0.0005170800000000001,0.000107508,5.877600000000001e-05,8.667600000000001e-05,0.00024589200000000005,0.00027714,0.0005989200000000001,0.00010044000000000001,0.000114204,1.3838400000000001e-05,0.000287556,0.00026672400000000003,0.00019046400000000002,0.000107508,0.000166284,1.3838400000000001e-05,5.5428000000000005e-05,0.006547309999999999,0.0005758849999999999,0.0035248799999999998,0.0107447,0.0022339699999999996,0.00122134,0.00180109,0.00510953,0.005758849999999999,0.0124453,0.0020870999999999997,0.00237311,0.000287556,0.005975289999999999,0.005542409999999999,0.00395776,0.0022339699999999996,0.0034553099999999996,0.000287556,0.0011517699999999999,0.0060729899999999995,0.000534165,0.00326952,0.0099663,0.0020721299999999997,0.00113286,0.00167061,0.0047393700000000006,0.00534165,0.0115437,0.0019359,0.00220119,0.00026672400000000003,0.005542409999999999,0.00514089,0.00367104,0.0020721299999999997,0.0032049899999999996,0.00026672400000000003,0.00106833,0.00433664,0.00038144000000000003,0.00233472,0.007116800000000001,0.00147968,0.0008089600000000002,0.00119296,0.0033843200000000006,0.0038144,0.008243200000000001,0.0013824,0.0015718400000000001,0.00019046400000000002,0.00395776,0.00367104,0.00262144,0.00147968,0.0022886399999999998,0.00019046400000000002,0.0007628800000000001,0.00244783,0.000215305,0.00131784,0.0040171,0.00083521,0.00045662000000000003,0.00067337,0.00191029,0.0021530499999999997,0.0046529,0.0007802999999999999,0.00088723,0.000107508,0.0022339699999999996,0.0020721299999999997,0.00147968,0.00083521,0.0012918299999999999,0.000107508,0.00043061,0.0037860899999999998,0.000333015,0.0020383199999999997,0.0062133,0.0012918299999999999,0.00070626,0.00104151,0.00295467,0.0033301499999999996,0.0071966999999999995,0.0012069,0.00137229,0.000166284,0.0034553099999999996,0.0032049899999999996,0.0022886399999999998,0.0012918299999999999,0.0019980899999999997,0.000166284,0.00066603,0.00031508400000000003,2.7714000000000003e-05,0.00016963200000000002,0.0005170800000000001,0.000107508,5.877600000000001e-05,8.667600000000001e-05,0.00024589200000000005,0.00027714,0.0005989200000000001,0.00010044000000000001,0.000114204,1.3838400000000001e-05,0.000287556,0.00026672400000000003,0.00019046400000000002,0.000107508,0.000166284,1.3838400000000001e-05,5.5428000000000005e-05,0.00126203,0.000111005,0.00067944,0.0020711,0.00043061,0.00023542000000000002,0.00034717,0.00098489,0.00111005,0.0023989000000000003,0.0004023,0.00045743000000000004,5.5428000000000005e-05,0.0011517699999999999,0.00106833,0.0007628800000000001,0.00043061,0.00066603,5.5428000000000005e-05,0.00022201
I3_A,0.007174089999999999,0.000631015,0.00386232,0.0117733,0.00244783,0.0013382600000000002,0.00197351,0.00559867,0.00631015,0.0136367,0.0022868999999999997,0.00260029,0.00031508400000000003,0.006547309999999999,0.0060729899999999995,0.00433664,0.00244783,0.0037860899999999998,0.00031508400000000003,0.00126203,0.000631015,5.55025e-05,0.00033972,0.00103555,0.000215305,0.00011771000000000001,0.000173585,0.000492445,0.000555025,0.0011994500000000001,0.00020115,0.00022871500000000002,2.7714000000000003e-05,0.0005758849999999999,0.000534165,0.00038144000000000003,0.000215305,0.000333015,2.7714000000000003e-05,0.000111005,0.00386232,0.00033972,0.00207936,0.006338400000000001,0.00131784,0.0007204800000000001,0.0010624800000000002,0.0030141600000000005,0.0033972,0.0073416,0.0012312,0.00139992,0.00016963200000000002,0.0035248799999999998,0.00326952,0.00233472,0.00131784,0.0020383199999999997,0.00016963200000000002,0.00067944,0.0117733,0.00103555,0.006338400000000001,0.019321000000000005,0.0040171,0.0021962000000000006,0.0032387000000000006,0.009187900000000002,0.0103555,0.022379000000000003,0.0037530000000000003,0.004267300000000001,0.0005170800000000001,0.0107447,0.0099663,0.007116800000000001,0.0040171,0.0062133,0.0005170800000000001,0.0020711,0.00244783,0.000215305,0.00131784,0.0040171,0.00083521,0.00045662000000000003,0.00067337,0.00191029,0.0021530499999999997,0.0046529,0.0007802999999999999,0.00088723,0.000107508,0.0022339699999999996,0.0020721299999999997,0.00147968,0.00083521,0.0012918299999999999,0.000107508,0.00043061,0.0013382600000000002,0.00011771000000000001,0.0007204800000000001,0.0021962000000000006,0.00045662000000000003,0.00024964000000000003,0.00036814000000000004,0.0010443800000000001,0.0011771000000000002,0.0025438,0.0004266,0.00048506000000000005,5.877600000000001e-05,0.00122134,0.00113286,0.0008089600000000002,0.00045662000000000003,0.00070626,5.877600000000001e-05,0.00023542000000000002,0.00197351,0.000173585,0.0010624800000000002,0.0032387000000000006,0.00067337,0.00036814000000000004,0.0005428900000000001,0.0015401300000000002,0.00173585,0.0037513000000000004,0.0006291000000000001,0.00071531,8.667600000000001e-05,0.00180109,0.00167061,0.00119296,0.00067337,0.00104151,8.667600000000001e-05,0.00034717,0.00559867,0.000492445,0.0030141600000000005,0.009187900000000002,0.00191029,0.0010443800000000001,0.0015401300000000002,0.004369210000000001,0.00492445,0.010642100000000002,0.0017847000000000002,0.00202927,0.00024589200000000005,0.00510953,0.0047393700000000006,0.0033843200000000006,0.00191029,0.00295467,0.00024589200000000005,0.00098489,0.00631015,0.000555025,0.0033972,0.0103555,0.0021530499999999997,0.0011771000000000002,0.00173585,0.00492445,0.00555025,0.0119945,0.0020115,0.00228715,0.00027714,0.005758849999999999,0.00534165,0.0038144,0.0021530499999999997,0.0033301499999999996,0.00027714,0.00111005,0.0136367,0.0011994500000000001,0.0073416,0.022379000000000003,0.0046529,0.0025438,0.0037513000000000004,0.010642100000000002,0.0119945,0.025921000000000003,0.004347,0.0049427,0.0005989200000000001,0.0124453,0.0115437,0.008243200000000001,0.0046529,0.0071966999999999995,0.0005989200000000001,0.0023989000000000003,0.0022868999999999997,0.00020115,0.0012312,0.0037530000000000003,0.0007802999999999999,0.0004266,0.0006291000000000001,0.0017847000000000002,0.0020115,0.004347,0.0007289999999999999,0.0008289,0.00010044000000000001,0.0020870999999999997,0.0019359,0.0013824,0.0007802999999999999,0.0012069,0.00010044000000000001,0.0004023,0.00260029,0.00022871500000000002,0.00139992,0.004267300000000001,0.00088723,0.00048506000000000005,0.00071531,0.00202927,0.00228715,0.0049427,0.0008289,0.0009424900000000001,0.000114204,0.00237311,0.00220119,0.0015718400000000001,0.00088723,0.00137229,0.000114204,0.00045743000000000004,0.00031508400000000003,2.7714000000000003e-05,0.00016963200000000002,0.0005170800000000001,0.000107508,5.877600000000001e-05,8.667600000000001e-05,0.00024589200000000005,0.00027714,0.0005989200000000001,0.00010044000000000001,0.000114204,1.3838400000000001e-05,0.000287556,0.00026672400000000003,0.00019046400000000002,0.000107508,0.000166284,1.3838400000000001e-05,5.5428000000000005e-05,0.006547309999999999,0.0005758849999999999,0.0035248799999999998,0.0107447,0.0022339699999999996,0.00122134,0.00180109,0.00510953,0.005758849999999999,0.0124453,0.0020870999999999997,0.00237311,0.000287556,0.005975289999999999,0.005542409999999999,0.00395776,0.0022339699999999996,0.0034553099999999996,0.000287556,0.0011517699999999999,0.0060729899999999995,0.000534165,0.00326952,0.0099663,0.0020721299999999997,0.00113286,0.00167061,0.0047393700000000006,0.00534165,0.0115437,0.0019359,0.00220119,0.00026672400000000003,0.005542409999999999,0.00514089,0.00367104,0.0020721299999999997,0.0032049899999999996,0.00026672400000000003,0.00106833,0.00433664,0.00038144000000000003,0.00233472,0.007116800000000001,0.00147968,0.0008089600000000002,0.00119296,0.0033843200000000006,0.0038144,0.008243200000000001,0.0013824,0.0015718400000000001,0.00019046400000000002,0.00395776,0.00367104,0.00262144,0.00147968,0.0022886399999999998,0.00019046400000000002,0.0007628800000000001,0.00244783,0.000215305,0.00131784,0.0040171,0.00083521,0.00045662000000000003,0.00067337,0.00191029,0.0021530499999999997,0.0046529,0.0007802999999999999,0.00088723,0.000107508,0.0022339699999999996,0.0020721299999999997,0.00147968,0.00083521,0.0012918299999999999,0.000107508,0.00043061,0.0037860899999999998,0.000333015,0.0020383199999999997,0.0062133,0.0012918299999999999,0.00070626,0.00104151,0.00295467,0.0033301499999999996,0.0071966999999999995,0.0012069,0.00137229,0.000166284,0.0034553099999999996,0.0032049899999999996,0.0022886399999999998,0.0012918299999999999,0.0019980899999999997,0.000166284,0.00066603,0.00031508400000000003,2.7714000000000003e-05,0.00016963200000000002,0.0005170800000000001,0.000107508,5.877600000000001e-05,8.667600000000001e-05,0.00024589200000000005,0.00027714,0.0005989200000000001,0.00010044000000000001,0.000114204,1.3838400000000001e-05,0.000287556,0.00026672400000000003,0.00019046400000000002,0.000107508,0.000166284,1.3838400000000001e-05,5.5428000000000005e-05,0.00126203,0.000111005,0.00067944,0.0020711,0.00043061,0.00023542000000000002,0.00034717,0.00098489,0.00111005,0.0023989000000000003,0.0004023,0.00045743000000000004,5.5428000000000005e-05,0.0011517699999999999,0.00106833,0.0007628800000000001,0.00043061,0.00066603,5.5428000000000005e-05,0.00022201
I1,0.007174089999999999,0.00126203,0.00772464,0.0235466,0.00489566,0.0026765200000000004,0.00394702,0.01119734,0.0126203,0.0272734,0.004573799999999999,0.00520058,0.0006301680000000001,0.013094619999999998,0.012145979999999999,0.00867328,0.00489566,0.0075721799999999995,0.0006301680000000001,0.00252406,0.0,5.55025e-05,0.00067944,0.0020711,0.00043061,0.00023542000000000002,0.00034717,0.00098489,0.00111005,0.0023989000000000003,0.0004023,0.00045743000000000004,5.5428000000000005e-05,0.0011517699999999999,0.00106833,0.0007628800000000001,0.00043061,0.00066603,5.5428000000000005e-05,0.00022201,0.0,0.0,0.00207936,0.012676800000000002,0.00263568,0.0014409600000000002,0.0021249600000000004,0.006028320000000001,0.0067944,0.0146832,0.0024624,0.00279984,0.00033926400000000004,0.0070497599999999995,0.00653904,0.00466944,0.00263568,0.004076639999999999,0.00033926400000000004,0.00135888,0.0,0.0,0.0,0.019321000000000005,0.0080342,0.004392400000000001,0.006477400000000001,0.018375800000000005,0.020711,0.044758000000000006,0.0075060000000000005,0.008534600000000002,0.0010341600000000001,0.0214894,0.0199326,0.014233600000000003,0.0080342,0.0124266,0.0010341600000000001,0.0041422,0.0,0.0,0.0,0.0,0.00083521,0.0009132400000000001,0.00134674,0.00382058,0.004306099999999999,0.0093058,0.0015605999999999999,0.00177446,0.000215016,0.004467939999999999,0.0041442599999999994,0.00295936,0.00167042,0.0025836599999999998,0.000215016,0.00086122,0.0,0.0,0.0,0.0,0.0,0.00024964000000000003,0.0007362800000000001,0.0020887600000000003,0.0023542000000000003,0.0050876,0.0008532,0.0009701200000000001,0.00011755200000000002,0.00244268,0.00226572,0.0016179200000000003,0.0009132400000000001,0.00141252,0.00011755200000000002,0.00047084000000000004,0.0,0.0,0.0,0.0,0.0,0.0,0.0005428900000000001,0.0030802600000000005,0.0034717,0.007502600000000001,0.0012582000000000001,0.00143062,0.00017335200000000002,0.00360218,0.00334122,0.00238592,0.00134674,0.00208302,0.00017335200000000002,0.00069434,0.0,0.0,0.0,0.0,0.0,0.0,0.0,0.004369210000000001,0.0098489,0.021284200000000003,0.0035694000000000004,0.00405854,0.0004917840000000001,0.01021906,0.009478740000000001,0.006768640000000001,0.00382058,0.00590934,0.0004917840000000001,0.00196978,0.0,0.0,0.0,0.0,0.0,0.0,0.0,0.0,0.00555025,0.023989,0.004023,0.0045743,0.00055428,0.011517699999999999,0.0106833,0.0076288,0.004306099999999999,0.006660299999999999,0.00055428,0.0022201,0.0,0.0,0.0,0.0,0.0,0.0,0.0,0.0,0.0,0.025921000000000003,0.008694,0.0098854,0.0011978400000000001,0.0248906,0.0230874,0.016486400000000002,0.0093058,0.014393399999999999,0.0011978400000000001,0.0047978000000000005,0.0,0.0,0.0,0.0,0.0,0.0,0.0,0.0,0.0,0.0,0.0007289999999999999,0.0016578,0.00020088000000000001,0.0041741999999999994,0.0038718,0.0027648,0.0015605999999999999,0.0024138,0.00020088000000000001,0.0008046,0.0,0.0,0.0,0.0,0.0,0.0,0.0,0.0,0.0,0.0,0.0,0.0009424900000000001,0.000228408,0.00474622,0.00440238,0.0031436800000000003,0.00177446,0.00274458,0.000228408,0.0009148600000000001,0.0,0.0,0.0,0.0,0.0,0.0,0.0,0.0,0.0,0.0,0.0,0.0,1.3838400000000001e-05,0.000575112,0.0005334480000000001,0.00038092800000000005,0.000215016,0.000332568,2.7676800000000002e-05,0.00011085600000000001,0.0,0.0,0.0,0.0,0.0,0.0,0.0,0.0,0.0,0.0,0.0,0.0,0.0,0.005975289999999999,0.011084819999999999,0.00791552,0.004467939999999999,0.006910619999999999,0.000575112,0.0023035399999999998,0.0,0.0,0.0,0.0,0.0,0.0,0.0,0.0,0.0,0.0,0.0,0.0,0.0,0.0,0.00514089,0.00734208,0.0041442599999999994,0.006409979999999999,0.0005334480000000001,0.00213666,0.0,0.0,0.0,0.0,0.0,0.0,0.0,0.0,0.0,0.0,0.0,0.0,0.0,0.0,0.0,0.00262144,0.00295936,0.0045772799999999995,0.00038092800000000005,0.0015257600000000001,0.0,0.0,0.0,0.0,0.0,0.0,0.0,0.0,0.0,0.0,0.0,0.0,0.0,0.0,0.0,0.0,0.00083521,0.0025836599999999998,0.000215016,0.00086122,0.0,0.0,0.0,0.0,0.0,0.0,0.0,0.0,0.0,0.0,0.0,0.0,0.0,0.0,0.0,0.0,0.0,0.0019980899999999997,0.000332568,0.00133206,0.0,0.0,0.0,0.0,0.0,0.0,0.0,0.0,0.0,0.0,0.0,0.0,0.0,0.0,0.0,0.0,0.0,0.0,1.3838400000000001e-05,0.00011085600000000001,0.0,0.0,0.0,0.0,0.0,0.0,0.0,0.0,0.0,0.0,0.0,0.0,0.0,0.0,0.0,0.0,0.0,0.0,0.0,0.00022201
I4,0.007174089999999999,0.00126203,0.00772464,0.0235466,0.00489566,0.0026765200000000004,0.00394702,0.01119734,0.0126203,0.0272734,0.004573799999999999,0.00520058,0.0006301680000000001,0.013094619999999998,0.012145979999999999,0.00867328,0.00489566,0.0075721799999999995,0.0006301680000000001,0.00252406,0.0,5.55025e-05,0.00067944,0.0020711,0.00043061,0.00023542000000000002,0.00034717,0.00098489,0.00111005,0.0023989000000000003,0.0004023,0.00045743000000000004,5.5428000000000005e-05,0.0011517699999999999,0.00106833,0.0007628800000000001,0.00043061,0.00066603,5.5428000000000005e-05,0.00022201,0.0,0.0,0.00207936,0.012676800000000002,0.00263568,0.0014409600000000002,0.0021249600000000004,0.006028320000000001,0.0067944,0.0146832,0.0024624,0.00279984,0.00033926400000000004,0.0070497599999999995,0.00653904,0.00466944,0.00263568,0.004076639999999999,0.00033926400000000004,0.00135888,0.0,0.0,0.0,0.019321000000000005,0.0080342,0.004392400000000001,0.006477400000000001,0.018375800000000005,0.020711,0.044758000000000006,0.0075060000000000005,0.008534600000000002,0.0010341600000000001,0.0214894,0.0199326,0.014233600000000003,0.0080342,0.0124266,0.0010341600000000001,0.0041422,0.0,0.0,0.0,0.0,0.00083521,0.0009132400000000001,0.00134674,0.00382058,0.004306099999999999,0.0093058,0.0015605999999999999,0.00177446,0.000215016,0.004467939999999999,0.0041442599999999994,0.00295936,0.00167042,0.0025836599999999998,0.000215016,0.00086122,0.0,0.0,0.0,0.0,0.0,0.00024964000000000003,0.0007362800000000001,0.0020887600000000003,0.0023542000000000003,0.0050876,0.0008532,0.0009701200000000001,0.00011755200000000002,0.00244268,0.00226572,0.0016179200000000003,0.0009132400000000001,0.00141252,0.00011755200000000002,0.00047084000000000004,0.0,0.0,0.0,0.0,0.0,0.0,0.0005428900000000001,0.0030802600000000005,0.0034717,0.007502600000000001,0.0012582000000000001,0.00143062,0.00017335200000000002,0.00360218,0.00334122,0.00238592,0.00134674,0.00208302,0.00017335200000000002,0.00069434,0.0,0.0,0.0,0.0,0.0,0.0,0.0,0.004369210000000001,0.0098489,0.021284200000000003,0.0035694000000000004,0.00405854,0.0004917840000000001,0.01021906,0.009478740000000001,0.006768640000000001,0.00382058,0.00590934,0.0004917840000000001,0.00196978,0.0,0.0,0.0,0.0,0.0,0.0,0.0,0.0,0.00555025,0.023989,0.004023,0.0045743,0.00055428,0.011517699999999999,0.0106833,0.0076288,0.004306099999999999,0.006660299999999999,0.00055428,0.0022201,0.0,0.0,0.0,0.0,0.0,0.0,0.0,0.0,0.0,0.025921000000000003,0.008694,0.0098854,0.0011978400000000001,0.0248906,0.0230874,0.016486400000000002,0.0093058,0.014393399999999999,0.0011978400000000001,0.0047978000000000005,0.0,0.0,0.0,0.0,0.0,0.0,0.0,0.0,0.0,0.0,0.0007289999999999999,0.0016578,0.00020088000000000001,0.0041741999999999994,0.0038718,0.0027648,0.0015605999999999999,0.0024138,0.00020088000000000001,0.0008046,0.0,0.0,0.0,0.0,0.0,0.0,0.0,0.0,0.0,0.0,0.0,0.0009424900000000001,0.000228408,0.00474622,0.00440238,0.0031436800000000003,0.00177446,0.00274458,0.000228408,0.0009148600000000001,0.0,0.0,0.0,0.0,0.0,0.0,0.0,0.0,0.0,0.0,0.0,0.0,1.3838400000000001e-05,0.000575112,0.0005334480000000001,0.00038092800000000005,0.000215016,0.000332568,2.7676800000000002e-05,0.00011085600000000001,0.0,0.0,0.0,0.0,0.0,0.0,0.0,0.0,0.0,0.0,0.0,0.0,0.0,0.005975289999999999,0.011084819999999999,0.00791552,0.004467939999999999,0.006910619999999999,0.000575112,0.0023035399999999998,0.0,0.0,0.0,0.0,0.0,0.0,0.0,0.0,0.0,0.0,0.0,0.0,0.0,0.0,0.00514089,0.00734208,0.0041442599999999994,0.006409979999999999,0.0005334480000000001,0.00213666,0.0,0.0,0.0,0.0,0.0,0.0,0.0,0.0,0.0,0.0,0.0,0.0,0.0,0.0,0.0,0.00262144,0.00295936,0.0045772799999999995,0.00038092800000000005,0.0015257600000000001,0.0,0.0,0.0,0.0,0.0,0.0,0.0,0.0,0.0,0.0,0.0,0.0,0.0,0.0,0.0,0.0,0.00083521,0.0025836599999999998,0.000215016,0.00086122,0.0,0.0,0.0,0.0,0.0,0.0,0.0,0.0,0.0,0.0,0.0,0.0,0.0,0.0,0.0,0.0,0.0,0.0019980899999999997,0.000332568,0.00133206,0.0,0.0,0.0,0.0,0.0,0.0,0.0,0.0,0.0,0.0,0.0,0.0,0.0,0.0,0.0,0.0,0.0,0.0,1.3838400000000001e-05,0.00011085600000000001,0.0,0.0,0.0,0.0,0.0,0.0,0.0,0.0,0.0,0.0,0.0,0.0,0.0,0.0,0.0,0.0,0.0,0.0,0.0,0.00022201
I5,0.007174089999999999,0.000631015,0.00386232,0.0117733,0.00244783,0.0013382600000000002,0.00197351,0.00559867,0.00631015,0.0136367,0.0022868999999999997,0.00260029,0.00031508400000000003,0.006547309999999999,0.0060729899999999995,0.00433664,0.00244783,0.0037860899999999998,0.00031508400000000003,0.00126203,0.000631015,5.55025e-05,0.00033972,0.00103555,0.000215305,0.00011771000000000001,0.000173585,0.000492445,0.000555025,0.0011994500000000001,0.00020115,0.00022871500000000002,2.7714000000000003e-05,0.0005758849999999999,0.000534165,0.00038144000000000003,0.000215305,0.000333015,2.7714000000000003e-05,0.000111005,0.00386232,0.00033972,0.00207936,0.006338400000000001,0.00131784,0.0007204800000000001,0.0010624800000000002,0.0030141600000000005,0.0033972,0.0073416,0.0012312,0.00139992,0.00016963200000000002,0.0035248799999999998,0.00326952,0.00233472,0.00131784,0.0020383199999999997,0.00016963200000000002,0.00067944,0.0117733,0.00103555,0.006338400000000001,0.019321000000000005,0.0040171,0.0021962000000000006,0.0032387000000000006,0.009187900000000002,0.0103555,0.022379000000000003,0.0037530000000000003,0.004267300000000001,0.0005170800000000001,0.0107447,0.0099663,0.007116800000000001,0.0040171,0.0062133,0.0005170800000000001,0.0020711,0.00244783,0.000215305,0.00131784,0.0040171,0.00083521,0.00045662000000000003,0.00067337,0.00191029,0.0021530499999999997,0.0046529,0.0007802999999999999,0.00088723,0.000107508,0.0022339699999999996,0.0020721299999999997,0.00147968,0.00083521,0.0012918299999999999,0.000107508,0.00043061,0.0013382600000000002,0.00011771000000000001,0.0007204800000000001,0.0021962000000000006,0.00045662000000000003,0.00024964000000000003,0.00036814000000000004,0.0010443800000000001,0.0011771000000000002,0.0025438,0.0004266,0.00048506000000000005,5.877600000000001e-05,0.00122134,0.00113286,0.0008089600000000002,0.00045662000000000003,0.00070626,5.877600000000001e-05,0.00023542000000000002,0.00197351,0.000173585,0.0010624800000000002,0.0032387000000000006,0.00067337,0.00036814000000000004,0.0005428900000000001,0.0015401300000000002,0.00173585,0.0037513000000000004,0.0006291000000000001,0.00071531,8.667600000000001e-05,0.00180109,0.00167061,0.00119296,0.00067337,0.00104151,8.667600000000001e-05,0.00034717,0.00559867,0.000492445,0.0030141600000000005,0.009187900000000002,0.00191029,0.0010443800000000001,0.0015401300000000002,0.004369210000000001,0.00492445,0.010642100000000002,0.0017847000000000002,0.00202927,0.00024589200000000005,0.00510953,0.0047393700000000006,0.0033843200000000006,0.00191029,0.00295467,0.00024589200000000005,0.00098489,0.00631015,0.000555025,0.0033972,0.0103555,0.0021530499999999997,0.0011771000000000002,0.00173585,0.00492445,0.00555025,0.0119945,0.0020115,0.00228715,0.00027714,0.005758849999999999,0.00534165,0.0038144,0.0021530499999999997,0.0033301499999999996,0.00027714,0.00111005,0.0136367,0.0011994500000000001,0.0073416,0.022379000000000003,0.0046529,0.0025438,0.0037513000000000004,0.010642100000000002,0.0119945,0.025921000000000003,0.004347,0.0049427,0.0005989200000000001,0.0124453,0.0115437,0.008243200000000001,0.0046529,0.0071966999999999995,0.0005989200000000001,0.0023989000000000003,0.0022868999999999997,0.00020115,0.0012312,0.0037530000000000003,0.0007802999999999999,0.0004266,0.0006291000000000001,0.0017847000000000002,0.0020115,0.004347,0.0007289999999999999,0.0008289,0.00010044000000000001,0.0020870999999999997,0.0019359,0.0013824,0.0007802999999999999,0.0012069,0.00010044000000000001,0.0004023,0.00260029,0.00022871500000000002,0.00139992,0.004267300000000001,0.00088723,0.00048506000000000005,0.00071531,0.00202927,0.00228715,0.0049427,0.0008289,0.0009424900000000001,0.000114204,0.00237311,0.00220119,0.0015718400000000001,0.00088723,0.00137229,0.000114204,0.00045743000000000004,0.00031508400000000003,2.7714000000000003e-05,0.00016963200000000002,0.0005170800000000001,0.000107508,5.877600000000001e-05,8.667600000000001e-05,0.00024589200000000005,0.00027714,0.0005989200000000001,0.00010044000000000001,0.000114204,1.3838400000000001e-05,0.000287556,0.00026672400000000003,0.00019046400000000002,0.000107508,0.000166284,1.3838400000000001e-05,5.5428000000000005e-05,0.006547309999999999,0.0005758849999999999,0.0035248799999999998,0.0107447,0.0022339699999999996,0.00122134,0.00180109,0.00510953,0.005758849999999999,0.0124453,0.0020870999999999997,0.00237311,0.000287556,0.005975289999999999,0.005542409999999999,0.00395776,0.0022339699999999996,0.0034553099999999996,0.000287556,0.0011517699999999999,0.0060729899999999995,0.000534165,0.00326952,0.0099663,0.0020721299999999997,0.00113286,0.00167061,0.0047393700000000006,0.00534165,0.0115437,0.0019359,0.00220119,0.00026672400000000003,0.005542409999999999,0.00514089,0.00367104,0.0020721299999999997,0.0032049899999999996,0.00026672400000000003,0.00106833,0.00433664,0.00038144000000000003,0.00233472,0.007116800000000001,0.00147968,0.0008089600000000002,0.00119296,0.0033843200000000006,0.0038144,0.008243200000000001,0.0013824,0.0015718400000000001,0.00019046400000000002,0.00395776,0.00367104,0.00262144,0.00147968,0.0022886399999999998,0.00019046400000000002,0.0007628800000000001,0.00244783,0.000215305,0.00131784,0.0040171,0.00083521,0.00045662000000000003,0.00067337,0.00191029,0.0021530499999999997,0.0046529,0.0007802999999999999,0.00088723,0.000107508,0.0022339699999999996,0.0020721299999999997,0.00147968,0.00083521,0.0012918299999999999,0.000107508,0.00043061,0.0037860899999999998,0.000333015,0.0020383199999999997,0.0062133,0.0012918299999999999,0.00070626,0.00104151,0.00295467,0.0033301499999999996,0.0071966999999999995,0.0012069,0.00137229,0.000166284,0.0034553099999999996,0.0032049899999999996,0.0022886399999999998,0.0012918299999999999,0.0019980899999999997,0.000166284,0.00066603,0.00031508400000000003,2.7714000000000003e-05,0.00016963200000000002,0.0005170800000000001,0.000107508,5.877600000000001e-05,8.667600000000001e-05,0.00024589200000000005,0.00027714,0.0005989200000000001,0.00010044000000000001,0.000114204,1.3838400000000001e-05,0.000287556,0.00026672400000000003,0.00019046400000000002,0.000107508,0.000166284,1.3838400000000001e-05,5.5428000000000005e-05,0.00126203,0.000111005,0.00067944,0.0020711,0.00043061,0.00023542000000000002,0.00034717,0.00098489,0.00111005,0.0023989000000000003,0.0004023,0.00045743000000000004,5.5428000000000005e-05,0.0011517699999999999,0.00106833,0.0007628800000000001,0.00043061,0.00066603,5.5428000000000005e-05,0.00022201
I6,0.007174089999999999,0.000631015,0.00386232,0.0117733,0.00244783,0.0013382600000000002,0.00197351,0.00559867,0.00631015,0.0136367,0.0022868999999999997,0.00260029,0.00031508400000000003,0.006547309999999999,0.0060729899999999995,0.00433664,0.00244783,0.0037860899999999998,0.00031508400000000003,0.00126203,0.000631015,5.55025e-05,0.00033972,0.00103555,0.000215305,0.00011771000000000001,0.000173585,0.000492445,0.000555025,0.0011994500000000001,0.00020115,0.00022871500000000002,2.7714000000000003e-05,0.0005758849999999999,0.000534165,0.00038144000000000003,0.000215305,0.000333015,2.7714000000000003e-05,0.000111005,0.00386232,0.00033972,0.00207936,0.006338400000000001,0.00131784,0.0007204800000000001,0.0010624800000000002,0.0030141600000000005,0.0033972,0.0073416,0.0012312,0.00139992,0.00016963200000000002,0.0035248799999999998,0.00326952,0.00233472,0.00131784,0.0020383199999999997,0.00016963200000000002,0.00067944,0.0117733,0.00103555,0.006338400000000001,0.019321000000000005,0.0040171,0.0021962000000000006,0.0032387000000000006,0.009187900000000002,0.0103555,0.022379000000000003,0.0037530000000000003,0.004267300000000001,0.0005170800000000001,0.0107447,0.0099663,0.007116800000000001,0.0040171,0.0062133,0.0005170800000000001,0.0020711,0.00244783,0.000215305,0.00131784,0.0040171,0.00083521,0.00045662000000000003,0.00067337,0.00191029,0.0021530499999999997,0.0046529,0.0007802999999999999,0.00088723,0.000107508,0.0022339699999999996,0.0020721299999999997,0.00147968,0.00083521,0.0012918299999999999,0.000107508,0.00043061,0.0013382600000000002,0.00011771000000000001,0.0007204800000000001,0.0021962000000000006,0.00045662000000000003,0.00024964000000000003,0.00036814000000000004,0.0010443800000000001,0.0011771000000000002,0.0025438,0.0004266,0.00048506000000000005,5.877600000000001e-05,0.00122134,0.00113286,0.0008089600000000002,0.00045662000000000003,0.00070626,5.877600000000001e-05,0.00023542000000000002,0.00197351,0.000173585,0.0010624800000000002,0.0032387000000000006,0.00067337,0.00036814000000000004,0.0005428900000000001,0.0015401300000000002,0.00173585,0.0037513000000000004,0.0006291000000000001,0.00071531,8.667600000000001e-05,0.00180109,0.00167061,0.00119296,0.00067337,0.00104151,8.667600000000001e-05,0.00034717,0.00559867,0.000492445,0.0030141600000000005,0.009187900000000002,0.00191029,0.0010443800000000001,0.0015401300000000002,0.004369210000000001,0.00492445,0.010642100000000002,0.0017847000000000002,0.00202927,0.00024589200000000005,0.00510953,0.0047393700000000006,0.0033843200000000006,0.00191029,0.00295467,0.00024589200000000005,0.00098489,0.00631015,0.000555025,0.0033972,0.0103555,0.0021530499999999997,0.0011771000000000002,0.00173585,0.00492445,0.00555025,0.0119945,0.0020115,0.00228715,0.00027714,0.005758849999999999,0.00534165,0.0038144,0.0021530499999999997,0.0033301499999999996,0.00027714,0.00111005,0.0136367,0.0011994500000000001,0.0073416,0.022379000000000003,0.0046529,0.0025438,0.0037513000000000004,0.010642100000000002,0.0119945,0.025921000000000003,0.004347,0.0049427,0.0005989200000000001,0.0124453,0.0115437,0.008243200000000001,0.0046529,0.0071966999999999995,0.0005989200000000001,0.0023989000000000003,0.0022868999999999997,0.00020115,0.0012312,0.0037530000000000003,0.0007802999999999999,0.0004266,0.0006291000000000001,0.0017847000000000002,0.0020115,0.004347,0.0007289999999999999,0.0008289,0.00010044000000000001,0.0020870999999999997,0.0019359,0.0013824,0.0007802999999999999,0.0012069,0.00010044000000000001,0.0004023,0.00260029,0.00022871500000000002,0.00139992,0.004267300000000001,0.00088723,0.00048506000000000005,0.00071531,0.00202927,0.00228715,0.0049427,0.0008289,0.0009424900000000001,0.000114204,0.00237311,0.00220119,0.0015718400000000001,0.00088723,0.00137229,0.000114204,0.00045743000000000004,0.00031508400000000003,2.7714000000000003e-05,0.00016963200000000002,0.0005170800000000001,0.000107508,5.877600000000001e-05,8.667600000000001e-05,0.00024589200000000005,0.00027714,0.0005989200000000001,0.00010044000000000001,0.000114204,1.3838400000000001e-05,0.000287556,0.00026672400000000003,0.00019046400000000002,0.000107508,0.000166284,1.3838400000000001e-05,5.5428000000000005e-05,0.006547309999999999,0.0005758849999999999,0.0035248799999999998,0.0107447,0.0022339699999999996,0.00122134,0.00180109,0.00510953,0.005758849999999999,0.0124453,0.0020870999999999997,0.00237311,0.000287556,0.005975289999999999,0.005542409999999999,0.00395776,0.0022339699999999996,0.0034553099999999996,0.000287556,0.0011517699999999999,0.0060729899999999995,0.000534165,0.00326952,0.0099663,0.0020721299999999997,0.00113286,0.00167061,0.0047393700000000006,0.00534165,0.0115437,0.0019359,0.00220119,0.00026672400000000003,0.005542409999999999,0.00514089,0.00367104,0.0020721299999999997,0.0032049899999999996,0.00026672400000000003,0.00106833,0.00433664,0.00038144000000000003,0.00233472,0.007116800000000001,0.00147968,0.0008089600000000002,0.00119296,0.0033843200000000006,0.0038144,0.008243200000000001,0.0013824,0.0015718400000000001,0.00019046400000000002,0.00395776,0.00367104,0.00262144,0.00147968,0.0022886399999999998,0.00019046400000000002,0.0007628800000000001,0.00244783,0.000215305,0.00131784,0.0040171,0.00083521,0.00045662000000000003,0.00067337,0.00191029,0.0021530499999999997,0.0046529,0.0007802999999999999,0.00088723,0.000107508,0.0022339699999999996,0.0020721299999999997,0.00147968,0.00083521,0.0012918299999999999,0.000107508,0.00043061,0.0037860899999999998,0.000333015,0.0020383199999999997,0.0062133,0.0012918299999999999,0.00070626,0.00104151,0.00295467,0.0033301499999999996,0.0071966999999999995,0.0012069,0.00137229,0.000166284,0.0034553099999999996,0.0032049899999999996,0.0022886399999999998,0.0012918299999999999,0.0019980899999999997,0.000166284,0.00066603,0.00031508400000000003,2.7714000000000003e-05,0.00016963200000000002,0.0005170800000000001,0.000107508,5.877600000000001e-05,8.667600000000001e-05,0.00024589200000000005,0.00027714,0.0005989200000000001,0.00010044000000000001,0.000114204,1.3838400000000001e-05,0.000287556,0.00026672400000000003,0.00019046400000000002,0.000107508,0.000166284,1.3838400000000001e-05,5.5428000000000005e-05,0.00126203,0.000111005,0.00067944,0.0020711,0.00043061,0.00023542000000000002,0.00034717,0.00098489,0.00111005,0.0023989000000000003,0.0004023,0.00045743000000000004,5.5428000000000005e-05,0.0011517699999999999,0.00106833,0.0007628800000000001,0.00043061,0.00066603,5.5428000000000005e-05,0.00022201
