pos,AA,AC,AD,AE,AF,AG,AH,AI,AK,AL,AM,AN,AP,AQ,AR,AS,AT,AV,AW,AY,CA,CC,CD,CE,CF,CG,CH,CI,CK,CL,CM,CN,CP,CQ,CR,CS,CT,CV,CW,CY,DA,DC,DD,DE,DF,DG,DH,DI,DK,DL,DM,DN,DP,DQ,DR,DS,DT,DV,DW,DY,EA,EC,ED,EE,EF,EG,EH,EI,EK,EL,EM,EN,EP,EQ,ER,ES,ET,EV,EW,EY,FA,FC,FD,FE,FF,FG,FH,FI,FK,FL,FM,FN,FP,FQ,FR,FS,FT,FV,FW,FY,GA,GC,GD,GE,GF,GG,GH,GI,GK,GL,GM,GN,GP,GQ,GR,GS,GT,GV,GW,GY,HA,HC,HD,HE,HF,HG,HH,HI,HK,HL,HM,HN,HP,HQ,HR,HS,HT,HV,HW,HY,IA,IC,ID,IE,IF,IG,IH,II,IK,IL,IM,IN,IP,IQ,IR,IS,IT,IV,IW,IY,KA,KC,KD,KE,KF,KG,KH,KI,KK,KL,KM,KN,KP,KQ,KR,KS,KT,KV,KW,KY,LA,LC,LD,LE,LF,LG,LH,LI,LK,LL,LM,LN,LP,LQ,LR,LS,LT,LV,LW,LY,MA,MC,MD,ME,MF,MG,MH,MI,MK,ML,MM,MN,MP,MQ,MR,MS,MT,MV,MW,MY,NA,NC,ND,NE,NF,NG,NH,NI,NK,NL,NM,NN,NP,NQ,NR,NS,NT,NV,NW,NY,PA,PC,PD,PE,PF,PG,PH,PI,PK,PL,PM,PN,PP,PQ,PR,PS,PT,PV,PW,PY,QA,QC,QD,QE,QF,QG,QH,QI,QK,QL,QM,QN,QP,QQ,QR,QS,QT,QV,QW,QY,RA,RC,RD,RE,RF,RG,RH,RI,RK,RL,RM,RN,RP,RQ,RR,RS,RT,RV,RW,RY,SA,SC,SD,SE,SF,SG,SH,SI,SK,SL,SM,SN,SP,SQ,SR,SS,ST,SV,SW,SY,TA,TC,TD,TE,TF,TG,TH,TI,TK,TL,TM,TN,TP,TQ,TR,TS,TT,TV,TW,TY,VA,VC,VD,VE,VF,VG,VH,VI,VK,VL,VM,VN,VP,VQ,VR,VS,VT,VV,VW,VY,WA,WC,WD,WE,WF,WG,WH,WI,WK,WL,WM,WN,WP,WQ,WR,WS,WT,WV,WW,WY,YA,YC,YD,YE,YF,YG,YH,YI,YK,YL,YM,YN,YP,YQ,YR,YS,YT,YV,YW,YY
I2_P,0.02361897999999999,0.0009943266666666668,0.006086080000000001,0.01855186666666667,0.0038571866666666666,0.002108773333333334,0.0031097733333333337,0.008822146666666668,0.009943266666666667,0.021488133333333336,0.0036035999999999998,0.004097426666666667,0.0004964960000000001,0.010316973333333333,0.00956956,0.006833493333333334,0.0038571866666666666,0.00596596,0.0004964960000000001,0.0019886533333333335,0.0,0.0016240322727272723,0.0005353163636363637,0.0016317757575757578,0.00033926848484848487,0.00018548242424242428,0.0002735278787878788,0.0007759739393939395,0.0008745848484848485,0.0018900424242424246,0.0003169636363636364,0.00036039939393939403,4.3670545454545463e-05,0.0009074551515151515,0.0008417145454545455,0.0006010569696969698,0.00033926848484848487,0.0005247509090909091,4.3670545454545463e-05,0.00017491696969696973,0.0,0.0,0.011311010909090907,0.00998778181818182,0.002076596363636364,0.0011353018181818185,0.0016742109090909095,0.004749585454545456,0.0053531636363636365,0.011568581818181819,0.0019400727272727274,0.002205934545454546,0.0002672989090909091,0.005554356363636364,0.00515197090909091,0.003678952727272728,0.002076596363636364,0.0032118981818181815,0.0002672989090909091,0.0010706327272727275,0.0,0.0,0.0,0.04470745454545454,0.006329975757575758,0.003460678787878789,0.005103406060606062,0.014477903030303035,0.01631775757575758,0.035263878787878795,0.005913818181818182,0.006724230303030305,0.0008147927272727274,0.016931042424242426,0.01570447272727273,0.011214351515151518,0.006329975757575758,0.009790654545454545,0.0008147927272727274,0.0032635515151515156,0.0,0.0,0.0,0.0,0.00678834727272727,0.0007195224242424244,0.0010610678787878788,0.0030101539393939396,0.0033926848484848483,0.007331842424242425,0.0012295636363636364,0.001398059393939394,0.00016940654545454547,0.0035201951515151514,0.0032651745454545453,0.0023316169696969698,0.001316088484848485,0.002035610909090909,0.00016940654545454547,0.0006785369696969697,0.0,0.0,0.0,0.0,0.0,0.003548201212121211,0.0005800993939393941,0.0016456896969696973,0.001854824242424243,0.004008412121212122,0.0006722181818181819,0.0007643369696969699,9.26167272727273e-05,0.0019245357575757578,0.0017851127272727277,0.0012747248484848489,0.0007195224242424244,0.0011128945454545456,9.26167272727273e-05,0.00037096484848484856,0.0,0.0,0.0,0.0,0.0,0.0,0.005370155757575756,0.0024268715151515158,0.002735278787878788,0.005911139393939395,0.0009913090909090911,0.0011271551515151517,0.00013658036363636367,0.002838081212121212,0.002632476363636364,0.001879815757575758,0.0010610678787878788,0.001641167272727273,0.00013658036363636367,0.0005470557575757576,0.0,0.0,0.0,0.0,0.0,0.0,0.0,0.017463619999999996,0.007759739393939395,0.0167693696969697,0.002812254545454546,0.0031976375757575763,0.0003874661818181819,0.008051380606060607,0.007468098181818183,0.00533286787878788,0.0030101539393939396,0.004655843636363637,0.0003874661818181819,0.001551947878787879,0.0,0.0,0.0,0.0,0.0,0.0,0.0,0.0,0.02017595454545454,0.018900424242424243,0.0031696363636363636,0.0036039939393939396,0.00043670545454545457,0.009074551515151515,0.008417145454545456,0.0060105696969696976,0.0033926848484848483,0.005247509090909091,0.00043670545454545457,0.001749169696969697,0.0,0.0,0.0,0.0,0.0,0.0,0.0,0.0,0.0,0.054574121212121206,0.006849818181818183,0.007788496969696971,0.0009437527272727275,0.01961077575757576,0.01819007272727273,0.01298928484848485,0.007331842424242425,0.011340254545454545,0.0009437527272727275,0.003780084848484849,0.0,0.0,0.0,0.0,0.0,0.0,0.0,0.0,0.0,0.0,0.006301636363636362,0.0013061454545454548,0.00015826909090909094,0.0032887636363636364,0.0030505090909090913,0.002178327272727273,0.0012295636363636364,0.0019017818181818183,0.00015826909090909094,0.0006339272727272728,0.0,0.0,0.0,0.0,0.0,0.0,0.0,0.0,0.0,0.0,0.0,0.007254689090909089,0.0001799578181818182,0.003739446060606061,0.0034685418181818186,0.002476838787878788,0.001398059393939394,0.0021623963636363637,0.0001799578181818182,0.0007207987878787881,0.0,0.0,0.0,0.0,0.0,0.0,0.0,0.0,0.0,0.0,0.0,0.0,0.0007999938909090907,0.00045311854545454554,0.0004202923636363637,0.00030012509090909096,0.00016940654545454547,0.00026202327272727274,2.180596363636364e-05,8.734109090909093e-05,0.0,0.0,0.0,0.0,0.0,0.0,0.0,0.0,0.0,0.0,0.0,0.0,0.0,0.021104773939393934,0.008733494545454546,0.006236470303030304,0.0035201951515151514,0.005444730909090909,0.00045311854545454554,0.001814910303030303,0.0,0.0,0.0,0.0,0.0,0.0,0.0,0.0,0.0,0.0,0.0,0.0,0.0,0.0,0.019259489090909084,0.005784669090909091,0.0032651745454545453,0.005050287272727273,0.0004202923636363637,0.001683429090909091,0.0,0.0,0.0,0.0,0.0,0.0,0.0,0.0,0.0,0.0,0.0,0.0,0.0,0.0,0.0,0.012925983030303026,0.0023316169696969698,0.003606341818181818,0.00030012509090909096,0.0012021139393939397,0.0,0.0,0.0,0.0,0.0,0.0,0.0,0.0,0.0,0.0,0.0,0.0,0.0,0.0,0.0,0.0,0.00678834727272727,0.002035610909090909,0.00016940654545454547,0.0006785369696969697,0.0,0.0,0.0,0.0,0.0,0.0,0.0,0.0,0.0,0.0,0.0,0.0,0.0,0.0,0.0,0.0,0.0,0.011056070909090904,0.00026202327272727274,0.0010495018181818183,0.0,0.0,0.0,0.0,0.0,0.0,0.0,0.0,0.0,0.0,0.0,0.0,0.0,0.0,0.0,0.0,0.0,0.0,0.0007999938909090907,8.734109090909093e-05,0.0,0.0,0.0,0.0,0.0,0.0,0.0,0.0,0.0,0.0,0.0,0.0,0.0,0.0,0.0,0.0,0.0,0.0,0.0,0.003335523030303029
I3_P,0.02440206999999999,0.000981578888888889,0.006008053333333334,0.018314022222222226,0.003807735555555556,0.0020817377777777786,0.003069904444444445,0.008709042222222223,0.00981578888888889,0.02121264444444445,0.0035574,0.004044895555555556,0.0004901306666666668,0.010184704444444444,0.009446873333333335,0.006745884444444445,0.003807735555555556,0.005889473333333334,0.0004901306666666668,0.001963157777777778,0.0,0.001698724166666666,0.0005284533333333334,0.001610855555555556,0.00033491888888888895,0.00018310444444444448,0.00027002111111111115,0.0007660255555555557,0.0008633722222222223,0.0018658111111111116,0.00031290000000000007,0.000355778888888889,4.311066666666668e-05,0.0008958211111111112,0.0008309233333333334,0.0005933511111111113,0.00033491888888888895,0.0005180233333333334,4.311066666666668e-05,0.00017267444444444446,0.0,0.0,0.01175061333333333,0.009859733333333336,0.0020499733333333337,0.0011207466666666671,0.0016527466666666673,0.004688693333333335,0.005284533333333334,0.011420266666666668,0.0019152000000000004,0.002177653333333334,0.00026387200000000006,0.0054831466666666676,0.005085920000000001,0.0036317866666666677,0.0020499733333333337,0.00317072,0.00026387200000000006,0.0010569066666666668,0.0,0.0,0.0,0.04591633333333333,0.0062488222222222235,0.0034163111111111125,0.00503797777777778,0.014292288888888895,0.01610855555555556,0.03481177777777779,0.005838000000000001,0.0066380222222222245,0.0008043466666666669,0.01671397777777778,0.015503133333333337,0.011070577777777781,0.0062488222222222235,0.009665133333333334,0.0008043466666666669,0.003221711111111112,0.0,0.0,0.0,0.0,0.007071829999999997,0.000710297777777778,0.0010474644444444445,0.002971562222222223,0.003349188888888889,0.007237844444444445,0.0012138000000000001,0.0013801355555555558,0.0001672346666666667,0.0034750644444444443,0.0032233133333333334,0.0023017244444444446,0.0012992155555555558,0.0020095133333333337,0.0001672346666666667,0.0006698377777777779,0.0,0.0,0.0,0.0,0.0,0.0037052755555555543,0.0005726622222222223,0.0016245911111111115,0.001831044444444445,0.003957022222222223,0.0006636000000000001,0.000754537777777778,9.142933333333336e-05,0.0018998622222222226,0.0017622266666666672,0.0012583822222222228,0.000710297777777778,0.0010986266666666669,9.142933333333336e-05,0.00036620888888888896,0.0,0.0,0.0,0.0,0.0,0.0,0.005600025555555554,0.0023957577777777785,0.0027002111111111113,0.005835355555555557,0.0009786000000000003,0.0011127044444444447,0.00013482933333333337,0.002801695555555556,0.002598726666666667,0.001855715555555556,0.0010474644444444445,0.001620126666666667,0.00013482933333333337,0.0005400422222222223,0.0,0.0,0.0,0.0,0.0,0.0,0.0,0.01808716333333333,0.007660255555555558,0.016554377777777782,0.002776200000000001,0.0031566422222222227,0.0003824986666666668,0.007948157777777779,0.007372353333333336,0.00526449777777778,0.002971562222222223,0.004596153333333334,0.0003824986666666668,0.0015320511111111114,0.0,0.0,0.0,0.0,0.0,0.0,0.0,0.0,0.02087241666666666,0.018658111111111115,0.0031290000000000003,0.0035577888888888892,0.0004311066666666667,0.008958211111111112,0.008309233333333334,0.005933511111111112,0.003349188888888889,0.005180233333333333,0.0004311066666666667,0.0017267444444444447,0.0,0.0,0.0,0.0,0.0,0.0,0.0,0.0,0.0,0.05593855555555555,0.0067620000000000015,0.007688644444444446,0.0009316533333333335,0.019359355555555558,0.01795686666666667,0.01282275555555556,0.007237844444444445,0.011194866666666668,0.0009316533333333335,0.0037316222222222232,0.0,0.0,0.0,0.0,0.0,0.0,0.0,0.0,0.0,0.0,0.006566999999999997,0.0012894000000000002,0.00015624000000000004,0.0032466,0.0030114000000000004,0.0021504000000000002,0.0012138000000000001,0.0018774000000000002,0.00015624000000000004,0.0006258000000000001,0.0,0.0,0.0,0.0,0.0,0.0,0.0,0.0,0.0,0.0,0.0,0.007555269999999998,0.0001776506666666667,0.0036915044444444448,0.0034240733333333337,0.002445084444444445,0.0013801355555555558,0.0021346733333333337,0.0001776506666666667,0.000711557777777778,0.0,0.0,0.0,0.0,0.0,0.0,0.0,0.0,0.0,0.0,0.0,0.0,0.0008374298666666663,0.00044730933333333344,0.0004149040000000001,0.00029627733333333344,0.0001672346666666667,0.00025866400000000003,2.1526400000000005e-05,8.622133333333336e-05,0.0,0.0,0.0,0.0,0.0,0.0,0.0,0.0,0.0,0.0,0.0,0.0,0.0,0.021825225555555546,0.008621526666666667,0.006156515555555557,0.0034750644444444443,0.005374926666666667,0.00044730933333333344,0.0017916422222222224,0.0,0.0,0.0,0.0,0.0,0.0,0.0,0.0,0.0,0.0,0.0,0.0,0.0,0.0,0.019931803333333328,0.005710506666666668,0.0032233133333333334,0.00498554,0.0004149040000000001,0.0016618466666666668,0.0,0.0,0.0,0.0,0.0,0.0,0.0,0.0,0.0,0.0,0.0,0.0,0.0,0.0,0.0,0.01341667555555555,0.0023017244444444446,0.0035601066666666667,0.00029627733333333344,0.0011867022222222226,0.0,0.0,0.0,0.0,0.0,0.0,0.0,0.0,0.0,0.0,0.0,0.0,0.0,0.0,0.0,0.0,0.007071829999999997,0.0020095133333333337,0.0001672346666666667,0.0006698377777777779,0.0,0.0,0.0,0.0,0.0,0.0,0.0,0.0,0.0,0.0,0.0,0.0,0.0,0.0,0.0,0.0,0.0,0.011487403333333328,0.00025866400000000003,0.0010360466666666669,0.0,0.0,0.0,0.0,0.0,0.0,0.0,0.0,0.0,0.0,0.0,0.0,0.0,0.0,0.0,0.0,0.0,0.0,0.0008374298666666663,8.622133333333336e-05,0.0,0.0,0.0,0.0,0.0,0.0,0.0,0.0,0.0,0.0,0.0,0.0,0.0,0.0,0.0,0.0,0.0,0.0,0.0,0.0034837855555555543
I2_A,0.007174089999999999,0.000631015,0.00386232,0.0117733,0.00244783,0.0013382600000000002,0.00197351,0.00559867,0.00631015,0.0136367,0.0022868999999999997,0.00260029,0.00031508400000000003,0.006547309999999999,0.0060729899999999995,0.00433664,0.00244783,0.0037860899999999998,0.00031508400000000003,0.00126203,0.000631015,5.55025e-05,0.00033972,0.00103555,0.000215305,0.00011771000000000001,0.000173585,0.000492445,0.000555025,0.0011994500000000001,0.00020115,0.00022871500000000002,2.7714000000000003e-05,0.0005758849999999999,0.000534165,0.00038144000000000003,0.000215305,0.000333015,2.7714000000000003e-05,0.000111005,0.00386232,0.00033972,0.00207936,0.006338400000000001,0.00131784,0.0007204800000000001,0.0010624800000000002,0.0030141600000000005,0.0033972,0.0073416,0.0012312,0.00139992,0.00016963200000000002,0.0035248799999999998,0.00326952,0.00233472,0.00131784,0.0020383199999999997,0.00016963200000000002,0.00067944,0.0117733,0.00103555,0.006338400000000001,0.019321000000000005,0.0040171,0.0021962000000000006,0.0032387000000000006,0.009187900000000002,0.0103555,0.022379000000000003,0.0037530000000000003,0.004267300000000001,0.0005170800000000001,0.0107447,0.0099663,0.007116800000000001,0.0040171,0.0062133,0.0005170800000000001,0.0020711,0.00244783,0.000215305,0.00131784,0.0040171,0.00083521,0.00045662000000000003,0.00067337,0.00191029,0.0021530499999999997,0.0046529,0.0007802999999999999,0.00088723,0.000107508,0.0022339699999999996,0.0020721299999999997,0.00147968,0.00083521,0.0012918299999999999,0.000107508,0.00043061,0.0013382600000000002,0.00011771000000000001,0.0007204800000000001,0.0021962000000000006,0.00045662000000000003,0.00024964000000000003,0.00036814000000000004,0.0010443800000000001,0.0011771000000000002,0.0025438,0.0004266,0.00048506000000000005,5.877600000000001e-05,0.00122134,0.00113286,0.0008089600000000002,0.00045662000000000003,0.00070626,5.877600000000001e-05,0.00023542000000000002,0.00197351,0.000173585,0.0010624800000000002,0.0032387000000000006,0.00067337,0.00036814000000000004,0.0005428900000000001,0.0015401300000000002,0.00173585,0.0037513000000000004,0.0006291000000000001,0.00071531,8.667600000000001e-05,0.00180109,0.00167061,0.00119296,0.00067337,0.00104151,8.667600000000001e-05,0.00034717,0.00559867,0.000492445,0.0030141600000000005,0.009187900000000002,0.00191029,0.0010443800000000001,0.0015401300000000002,0.004369210000000001,0.00492445,0.010642100000000002,0.0017847000000000002,0.00202927,0.00024589200000000005,0.00510953,0.0047393700000000006,0.0033843200000000006,0.00191029,0.00295467,0.00024589200000000005,0.00098489,0.00631015,0.000555025,0.0033972,0.0103555,0.0021530499999999997,0.0011771000000000002,0.00173585,0.00492445,0.00555025,0.0119945,0.0020115,0.00228715,0.00027714,0.005758849999999999,0.00534165,0.0038144,0.0021530499999999997,0.0033301499999999996,0.00027714,0.00111005,0.0136367,0.0011994500000000001,0.0073416,0.022379000000000003,0.0046529,0.0025438,0.0037513000000000004,0.010642100000000002,0.0119945,0.025921000000000003,0.004347,0.0049427,0.0005989200000000001,0.0124453,0.0115437,0.008243200000000001,0.0046529,0.0071966999999999995,0.0005989200000000001,0.0023989000000000003,0.0022868999999999997,0.00020115,0.0012312,0.0037530000000000003,0.0007802999999999999,0.0004266,0.0006291000000000001,0.0017847000000000002,0.0020115,0.004347,0.0007289999999999999,0.0008289,0.00010044000000000001,0.0020870999999999997,0.0019359,0.0013824,0.0007802999999999999,0.0012069,0.00010044000000000001,0.0004023,0.00260029,0.00022871500000000002,0.00139992,0.004267300000000001,0.00088723,0.00048506000000000005,0.00071531,0.00202927,0.00228715,0.0049427,0.0008289,0.0009424900000000001,0.000114204,0.00237311,0.00220119,0.0015718400000000001,0.00088723,0.00137229,0.000114204,0.00045743000000000004,0.00031508400000000003,2.7714000000000003e-05,0.00016963200000000002,0.0005170800000000001,0.000107508,5.877600000000001e-05,8.667600000000001e-05,0.00024589200000000005,0.00027714,0.0005989200000000001,0.00010044000000000001,0.000114204,1.3838400000000001e-05,0.000287556,0.00026672400000000003,0.00019046400000000002,0.000107508,0.000166284,1.3838400000000001e-05,5.5428000000000005e-05,0.006547309999999999,0.0005758849999999999,0.0035248799999999998,0.0107447,0.0022339699999999996,0.00122134,0.00180109,0.00510953,0.005758849999999999,0.0124453,0.0020870999999999997,0.00237311,0.000287556,0.005975289999999999,0.005542409999999999,0.00395776,0.0022339699999999996,0.0034553099999999996,0.000287556,0.0011517699999999999,0.0060729899999999995,0.000534165,0.00326952,0.0099663,0.0020721299999999997,0.00113286,0.00167061,0.0047393700000000006,0.00534165,0.0115437,0.0019359,0.00220119,0.00026672400000000003,0.005542409999999999,0.00514089,0.00367104,0.0020721299999999997,0.0032049899999999996,0.00026672400000000003,0.00106833,0.00433664,0.00038144000000000003,0.00233472,0.007116800000000001,0.00147968,0.0008089600000000002,0.00119296,0.0033843200000000006,0.0038144,0.008243200000000001,0.0013824,0.0015718400000000001,0.00019046400000000002,0.00395776,0.00367104,0.00262144,0.00147968,0.0022886399999999998,0.00019046400000000002,0.0007628800000000001,0.00244783,0.000215305,0.00131784,0.0040171,0.00083521,0.00045662000000000003,0.00067337,0.00191029,0.0021530499999999997,0.0046529,0.0007802999999999999,0.00088723,0.000107508,0.0022339699999999996,0.0020721299999999997,0.00147968,0.00083521,0.0012918299999999999,0.000107508,0.00043061,0.0037860899999999998,0.000333015,0.0020383199999999997,0.0062133,0.0012918299999999999,0.00070626,0.00104151,0.00295467,0.0033301499999999996,0.0071966999999999995,0.0012069,0.00137229,0.000166284,0.0034553099999999996,0.0032049899999999996,0.0022886399999999998,0.0012918299999999999,0.0019980899999999997,0.000166284,0.00066603,0.00031508400000000003,2.7714000000000003e-05,0.00016963200000000002,0.0005170800000000001,0.000107508,5.877600000000001e-05,8.667600000000001e-05,0.00024589200000000005,0.00027714,0.0005989200000000001,0.00010044000000000001,0.000114204,1.3838400000000001e-05,0.000287556,0.00026672400000000003,0.00019046400000000002,0.000107508,0.000166284,1.3838400000000001e-05,5.5428000000000005e-05,0.00126203,0.000111005,0.00067944,0.0020711,0.00043061,0.00023542000000000002,0.00034717,0.00098489,0.00111005,0.0023989000000000003,0.0004023,0.00045743000000000004,5.5428000000000005e-05,0.0011517699999999999,0.00106833,0.0007628800000000001,0.00043061,0.00066603,5.5428000000000005e-05,0.00022201
I3_A,0.007174089999999999,0.000631015,0.00386232,0.0117733,0.00244783,0.0013382600000000002,0.00197351,0.00559867,0.00631015,0.0136367,0.0022868999999999997,0.00260029,0.00031508400000000003,0.006547309999999999,0.0060729899999999995,0.00433664,0.00244783,0.0037860899999999998,0.00031508400000000003,0.00126203,0.000631015,5.55025e-05,0.00033972,0.00103555,0.000215305,0.00011771000000000001,0.000173585,0.000492445,0.000555025,0.0011994500000000001,0.00020115,0.00022871500000000002,2.7714000000000003e-05,0.0005758849999999999,0.000534165,0.00038144000000000003,0.000215305,0.000333015,2.7714000000000003e-05,0.000111005,0.00386232,0.00033972,0.00207936,0.006338400000000001,0.00131784,0.0007204800000000001,0.0010624800000000002,0.0030141600000000005,0.0033972,0.0073416,0.0012312,0.00139992,0.00016963200000000002,0.0035248799999999998,0.00326952,0.00233472,0.00131784,0.0020383199999999997,0.00016963200000000002,0.00067944,0.0117733,0.00103555,0.006338400000000001,0.019321000000000005,0.0040171,0.0021962000000000006,0.0032387000000000006,0.009187900000000002,0.0103555,0.022379000000000003,0.0037530000000000003,0.004267300000000001,0.0005170800000000001,0.0107447,0.0099663,0.007116800000000001,0.0040171,0.0062133,0.0005170800000000001,0.0020711,0.00244783,0.000215305,0.00131784,0.0040171,0.00083521,0.00045662000000000003,0.00067337,0.00191029,0.0021530499999999997,0.0046529,0.0007802999999999999,0.00088723,0.000107508,0.0022339699999999996,0.0020721299999999997,0.00147968,0.00083521,0.0012918299999999999,0.000107508,0.00043061,0.0013382600000000002,0.00011771000000000001,0.0007204800000000001,0.0021962000000000006,0.00045662000000000003,0.00024964000000000003,0.00036814000000000004,0.0010443800000000001,0.0011771000000000002,0.0025438,0.0004266,0.00048506000000000005,5.877600000000001e-05,0.00122134,0.00113286,0.0008089600000000002,0.00045662000000000003,0.00070626,5.877600000000001e-05,0.00023542000000000002,0.00197351,0.000173585,0.0010624800000000002,0.0032387000000000006,0.00067337,0.00036814000000000004,0.0005428900000000001,0.0015401300000000002,0.00173585,0.0037513000000000004,0.0006291000000000001,0.00071531,8.667600000000001e-05,0.00180109,0.00167061,0.00119296,0.00067337,0.00104151,8.667600000000001e-05,0.00034717,0.00559867,0.000492445,0.0030141600000000005,0.009187900000000002,0.00191029,0.0010443800000000001,0.0015401300000000002,0.004369210000000001,0.00492445,0.010642100000000002,0.0017847000000000002,0.00202927,0.00024589200000000005,0.00510953,0.0047393700000000006,0.0033843200000000006,0.00191029,0.00295467,0.00024589200000000005,0.00098489,0.00631015,0.000555025,0.0033972,0.0103555,0.0021530499999999997,0.0011771000000000002,0.00173585,0.00492445,0.00555025,0.0119945,0.0020115,0.00228715,0.00027714,0.005758849999999999,0.00534165,0.0038144,0.0021530499999999997,0.0033301499999999996,0.00027714,0.00111005,0.0136367,0.0011994500000000001,0.0073416,0.022379000000000003,0.0046529,0.0025438,0.0037513000000000004,0.010642100000000002,0.0119945,0.025921000000000003,0.004347,0.0049427,0.0005989200000000001,0.0124453,0.0115437,0.008243200000000001,0.0046529,0.0071966999999999995,0.0005989200000000001,0.0023989000000000003,0.0022868999999999997,0.00020115,0.0012312,0.0037530000000000003,0.0007802999999999999,0.0004266,0.0006291000000000001,0.0017847000000000002,0.0020115,0.004347,0.0007289999999999999,0.0008289,0.00010044000000000001,0.0020870999999999997,0.0019359,0.0013824,0.0007802999999999999,0.0012069,0.00010044000000000001,0.0004023,0.00260029,0.00022871500000000002,0.00139992,0.004267300000000001,0.00088723,0.00048506000000000005,0.00071531,0.00202927,0.00228715,0.0049427,0.0008289,0.0009424900000000001,0.000114204,0.00237311,0.00220119,0.0015718400000000001,0.00088723,0.00137229,0.000114204,0.00045743000000000004,0.00031508400000000003,2.7714000000000003e-05,0.00016963200000000002,0.0005170800000000001,0.000107508,5.877600000000001e-05,8.667600000000001e-05,0.00024589200000000005,0.00027714,0.0005989200000000001,0.00010044000000000001,0.000114204,1.3838400000000001e-05,0.000287556,0.00026672400000000003,0.00019046400000000002,0.000107508,0.000166284,1.3838400000000001e-05,5.5428000000000005e-05,0.006547309999999999,0.0005758849999999999,0.0035248799999999998,0.0107447,0.0022339699999999996,0.00122134,0.00180109,0.00510953,0.005758849999999999,0.0124453,0.0020870999999999997,0.00237311,0.000287556,0.005975289999999999,0.005542409999999999,0.00395776,0.0022339699999999996,0.0034553099999999996,0.000287556,0.0011517699999999999,0.0060729899999999995,0.000534165,0.00326952,0.0099663,0.0020721299999999997,0.00113286,0.00167061,0.0047393700000000006,0.00534165,0.0115437,0.0019359,0.00220119,0.00026672400000000003,0.005542409999999999,0.00514089,0.00367104,0.0020721299999999997,0.0032049899999999996,0.00026672400000000003,0.00106833,0.00433664,0.00038144000000000003,0.00233472,0.007116800000000001,0.00147968,0.0008089600000000002,0.00119296,0.0033843200000000006,0.0038144,0.008243200000000001,0.0013824,0.0015718400000000001,0.00019046400000000002,0.00395776,0.00367104,0.00262144,0.00147968,0.0022886399999999998,0.00019046400000000002,0.0007628800000000001,0.00244783,0.000215305,0.00131784,0.0040171,0.00083521,0.00045662000000000003,0.00067337,0.00191029,0.0021530499999999997,0.0046529,0.0007802999999999999,0.00088723,0.000107508,0.0022339699999999996,0.0020721299999999997,0.00147968,0.00083521,0.0012918299999999999,0.000107508,0.00043061,0.0037860899999999998,0.000333015,0.0020383199999999997,0.0062133,0.0012918299999999999,0.00070626,0.00104151,0.00295467,0.0033301499999999996,0.0071966999999999995,0.0012069,0.00137229,0.000166284,0.0034553099999999996,0.0032049899999999996,0.0022886399999999998,0.0012918299999999999,0.0019980899999999997,0.000166284,0.00066603,0.00031508400000000003,2.7714000000000003e-05,0.00016963200000000002,0.0005170800000000001,0.000107508,5.877600000000001e-05,8.667600000000001e-05,0.00024589200000000005,0.00027714,0.0005989200000000001,0.00010044000000000001,0.000114204,1.3838400000000001e-05,0.000287556,0.00026672400000000003,0.00019046400000000002,0.000107508,0.000166284,1.3838400000000001e-05,5.5428000000000005e-05,0.00126203,0.000111005,0.00067944,0.0020711,0.00043061,0.00023542000000000002,0.00034717,0.00098489,0.00111005,0.0023989000000000003,0.0004023,0.00045743000000000004,5.5428000000000005e-05,0.0011517699999999999,0.00106833,0.0007628800000000001,0.00043061,0.00066603,5.5428000000000005e-05,0.00022201
I1,0.01578808,0.0011218044444444443,0.006866346666666666,0.02093031111111111,0.004351697777777777,0.002379128888888889,0.003508462222222222,0.00995319111111111,0.011218044444444443,0.02424302222222222,0.004065599999999999,0.004622737777777777,0.0005601493333333334,0.01163966222222222,0.010796426666666666,0.007709582222222222,0.004351697777777777,0.006730826666666666,0.0005601493333333334,0.0022436088888888885,0.0,0.0008771133333333334,0.0006039466666666666,0.0018409777777777779,0.0003827644444444444,0.00020926222222222222,0.00030859555555555555,0.0008754577777777777,0.0009867111111111111,0.002132355555555556,0.0003576,0.00040660444444444444,4.926933333333333e-05,0.0010237955555555554,0.0009496266666666666,0.0006781155555555556,0.0003827644444444444,0.0005920266666666666,4.926933333333333e-05,0.00019734222222222221,0.0,0.0,0.006914986666666668,0.011268266666666667,0.0023428266666666664,0.0012808533333333336,0.0018888533333333336,0.005358506666666667,0.006039466666666667,0.013051733333333333,0.0021888,0.0024887466666666668,0.000301568,0.006266453333333332,0.00581248,0.004150613333333333,0.0023428266666666664,0.0036236799999999993,0.000301568,0.0012078933333333332,0.0,0.0,0.0,0.03261866666666667,0.0071415111111111105,0.0039043555555555564,0.00575768888888889,0.01633404444444445,0.01840977777777778,0.03978488888888889,0.006672,0.007586311111111112,0.0009192533333333334,0.019101688888888888,0.01771786666666667,0.01265208888888889,0.0071415111111111105,0.011045866666666666,0.0009192533333333334,0.0036819555555555558,0.0,0.0,0.0,0.0,0.00395352,0.0008117688888888889,0.001197102222222222,0.003396071111111111,0.0038276444444444438,0.008271822222222221,0.0013871999999999999,0.0015772977777777778,0.00019112533333333332,0.0039715022222222215,0.003683786666666666,0.002630542222222222,0.0014848177777777776,0.0022965866666666665,0.00019112533333333332,0.0007655288888888888,0.0,0.0,0.0,0.0,0.0,0.001977457777777778,0.0006544711111111111,0.0018566755555555557,0.0020926222222222225,0.004522311111111111,0.0007584,0.0008623288888888889,0.00010449066666666668,0.002171271111111111,0.0020139733333333332,0.0014381511111111113,0.0008117688888888889,0.0012555733333333332,0.00010449066666666668,0.00041852444444444444,0.0,0.0,0.0,0.0,0.0,0.0,0.003071457777777778,0.0027380088888888893,0.003085955555555555,0.006668977777777778,0.0011184,0.0012716622222222222,0.00015409066666666668,0.0032019377777777777,0.0029699733333333335,0.0021208177777777776,0.001197102222222222,0.0018515733333333334,0.00015409066666666668,0.0006171911111111111,0.0,0.0,0.0,0.0,0.0,0.0,0.0,0.01122818666666667,0.008754577777777777,0.01891928888888889,0.0031728,0.003607591111111111,0.0004371413333333334,0.009083608888888888,0.008425546666666667,0.0060165688888888895,0.003396071111111111,0.005252746666666666,0.0004371413333333334,0.0017509155555555554,0.0,0.0,0.0,0.0,0.0,0.0,0.0,0.0,0.013211333333333332,0.021323555555555554,0.0035759999999999993,0.004066044444444444,0.0004926933333333333,0.010237955555555555,0.009496266666666666,0.006781155555555555,0.0038276444444444438,0.005920266666666666,0.0004926933333333333,0.0019734222222222222,0.0,0.0,0.0,0.0,0.0,0.0,0.0,0.0,0.0,0.04092977777777779,0.007728,0.008787022222222222,0.0010647466666666668,0.022124977777777777,0.020522133333333335,0.014654577777777778,0.008271822222222221,0.012794133333333332,0.0010647466666666668,0.004264711111111112,0.0,0.0,0.0,0.0,0.0,0.0,0.0,0.0,0.0,0.0,0.003648,0.0014736,0.00017856,0.003710399999999999,0.0034415999999999995,0.0024576,0.0013871999999999999,0.0021455999999999997,0.00017856,0.0007152,0.0,0.0,0.0,0.0,0.0,0.0,0.0,0.0,0.0,0.0,0.0,0.004248880000000001,0.00020302933333333334,0.004218862222222222,0.003913226666666667,0.002794382222222222,0.0015772977777777778,0.0024396266666666666,0.00020302933333333334,0.0008132088888888889,0.0,0.0,0.0,0.0,0.0,0.0,0.0,0.0,0.0,0.0,0.0,0.0,0.00042563413333333334,0.0005112106666666666,0.00047417600000000004,0.0003386026666666667,0.00019112533333333332,0.00029561599999999996,2.4601600000000002e-05,9.853866666666667e-05,0.0,0.0,0.0,0.0,0.0,0.0,0.0,0.0,0.0,0.0,0.0,0.0,0.0,0.013900257777777777,0.009853173333333331,0.007036017777777778,0.0039715022222222215,0.006142773333333332,0.0005112106666666666,0.002047591111111111,0.0,0.0,0.0,0.0,0.0,0.0,0.0,0.0,0.0,0.0,0.0,0.0,0.0,0.0,0.012536346666666667,0.006526293333333333,0.003683786666666666,0.005697759999999999,0.00047417600000000004,0.0018992533333333332,0.0,0.0,0.0,0.0,0.0,0.0,0.0,0.0,0.0,0.0,0.0,0.0,0.0,0.0,0.0,0.008019057777777778,0.002630542222222222,0.004068693333333333,0.0003386026666666667,0.0013562311111111113,0.0,0.0,0.0,0.0,0.0,0.0,0.0,0.0,0.0,0.0,0.0,0.0,0.0,0.0,0.0,0.0,0.00395352,0.0022965866666666665,0.00019112533333333332,0.0007655288888888888,0.0,0.0,0.0,0.0,0.0,0.0,0.0,0.0,0.0,0.0,0.0,0.0,0.0,0.0,0.0,0.0,0.0,0.006742746666666666,0.00029561599999999996,0.0011840533333333332,0.0,0.0,0.0,0.0,0.0,0.0,0.0,0.0,0.0,0.0,0.0,0.0,0.0,0.0,0.0,0.0,0.0,0.0,0.00042563413333333334,9.853866666666667e-05,0.0,0.0,0.0,0.0,0.0,0.0,0.0,0.0,0.0,0.0,0.0,0.0,0.0,0.0,0.0,0.0,0.0,0.0,0.0,0.001852897777777778
I4,0.01578808,0.0011218044444444443,0.006866346666666666,0.02093031111111111,0.004351697777777777,0.002379128888888889,0.003508462222222222,0.00995319111111111,0.011218044444444443,0.02424302222222222,0.004065599999999999,0.004622737777777777,0.0005601493333333334,0.01163966222222222,0.010796426666666666,0.007709582222222222,0.004351697777777777,0.006730826666666666,0.0005601493333333334,0.0022436088888888885,0.0,0.0008771133333333334,0.0006039466666666666,0.0018409777777777779,0.0003827644444444444,0.00020926222222222222,0.00030859555555555555,0.0008754577777777777,0.0009867111111111111,0.002132355555555556,0.0003576,0.00040660444444444444,4.926933333333333e-05,0.0010237955555555554,0.0009496266666666666,0.0006781155555555556,0.0003827644444444444,0.0005920266666666666,4.926933333333333e-05,0.00019734222222222221,0.0,0.0,0.006914986666666668,0.011268266666666667,0.0023428266666666664,0.0012808533333333336,0.0018888533333333336,0.005358506666666667,0.006039466666666667,0.013051733333333333,0.0021888,0.0024887466666666668,0.000301568,0.006266453333333332,0.00581248,0.004150613333333333,0.0023428266666666664,0.0036236799999999993,0.000301568,0.0012078933333333332,0.0,0.0,0.0,0.03261866666666667,0.0071415111111111105,0.0039043555555555564,0.00575768888888889,0.01633404444444445,0.01840977777777778,0.03978488888888889,0.006672,0.007586311111111112,0.0009192533333333334,0.019101688888888888,0.01771786666666667,0.01265208888888889,0.0071415111111111105,0.011045866666666666,0.0009192533333333334,0.0036819555555555558,0.0,0.0,0.0,0.0,0.00395352,0.0008117688888888889,0.001197102222222222,0.003396071111111111,0.0038276444444444438,0.008271822222222221,0.0013871999999999999,0.0015772977777777778,0.00019112533333333332,0.0039715022222222215,0.003683786666666666,0.002630542222222222,0.0014848177777777776,0.0022965866666666665,0.00019112533333333332,0.0007655288888888888,0.0,0.0,0.0,0.0,0.0,0.001977457777777778,0.0006544711111111111,0.0018566755555555557,0.0020926222222222225,0.004522311111111111,0.0007584,0.0008623288888888889,0.00010449066666666668,0.002171271111111111,0.0020139733333333332,0.0014381511111111113,0.0008117688888888889,0.0012555733333333332,0.00010449066666666668,0.00041852444444444444,0.0,0.0,0.0,0.0,0.0,0.0,0.003071457777777778,0.0027380088888888893,0.003085955555555555,0.006668977777777778,0.0011184,0.0012716622222222222,0.00015409066666666668,0.0032019377777777777,0.0029699733333333335,0.0021208177777777776,0.001197102222222222,0.0018515733333333334,0.00015409066666666668,0.0006171911111111111,0.0,0.0,0.0,0.0,0.0,0.0,0.0,0.01122818666666667,0.008754577777777777,0.01891928888888889,0.0031728,0.003607591111111111,0.0004371413333333334,0.009083608888888888,0.008425546666666667,0.0060165688888888895,0.003396071111111111,0.005252746666666666,0.0004371413333333334,0.0017509155555555554,0.0,0.0,0.0,0.0,0.0,0.0,0.0,0.0,0.013211333333333332,0.021323555555555554,0.0035759999999999993,0.004066044444444444,0.0004926933333333333,0.010237955555555555,0.009496266666666666,0.006781155555555555,0.0038276444444444438,0.005920266666666666,0.0004926933333333333,0.0019734222222222222,0.0,0.0,0.0,0.0,0.0,0.0,0.0,0.0,0.0,0.04092977777777779,0.007728,0.008787022222222222,0.0010647466666666668,0.022124977777777777,0.020522133333333335,0.014654577777777778,0.008271822222222221,0.012794133333333332,0.0010647466666666668,0.004264711111111112,0.0,0.0,0.0,0.0,0.0,0.0,0.0,0.0,0.0,0.0,0.003648,0.0014736,0.00017856,0.003710399999999999,0.0034415999999999995,0.0024576,0.0013871999999999999,0.0021455999999999997,0.00017856,0.0007152,0.0,0.0,0.0,0.0,0.0,0.0,0.0,0.0,0.0,0.0,0.0,0.004248880000000001,0.00020302933333333334,0.004218862222222222,0.003913226666666667,0.002794382222222222,0.0015772977777777778,0.0024396266666666666,0.00020302933333333334,0.0008132088888888889,0.0,0.0,0.0,0.0,0.0,0.0,0.0,0.0,0.0,0.0,0.0,0.0,0.00042563413333333334,0.0005112106666666666,0.00047417600000000004,0.0003386026666666667,0.00019112533333333332,0.00029561599999999996,2.4601600000000002e-05,9.853866666666667e-05,0.0,0.0,0.0,0.0,0.0,0.0,0.0,0.0,0.0,0.0,0.0,0.0,0.0,0.013900257777777777,0.009853173333333331,0.007036017777777778,0.0039715022222222215,0.006142773333333332,0.0005112106666666666,0.002047591111111111,0.0,0.0,0.0,0.0,0.0,0.0,0.0,0.0,0.0,0.0,0.0,0.0,0.0,0.0,0.012536346666666667,0.006526293333333333,0.003683786666666666,0.005697759999999999,0.00047417600000000004,0.0018992533333333332,0.0,0.0,0.0,0.0,0.0,0.0,0.0,0.0,0.0,0.0,0.0,0.0,0.0,0.0,0.0,0.008019057777777778,0.002630542222222222,0.004068693333333333,0.0003386026666666667,0.0013562311111111113,0.0,0.0,0.0,0.0,0.0,0.0,0.0,0.0,0.0,0.0,0.0,0.0,0.0,0.0,0.0,0.0,0.00395352,0.0022965866666666665,0.00019112533333333332,0.0007655288888888888,0.0,0.0,0.0,0.0,0.0,0.0,0.0,0.0,0.0,0.0,0.0,0.0,0.0,0.0,0.0,0.0,0.0,0.006742746666666666,0.00029561599999999996,0.0011840533333333332,0.0,0.0,0.0,0.0,0.0,0.0,0.0,0.0,0.0,0.0,0.0,0.0,0.0,0.0,0.0,0.0,0.0,0.0,0.00042563413333333334,9.853866666666667e-05,0.0,0.0,0.0,0.0,0.0,0.0,0.0,0.0,0.0,0.0,0.0,0.0,0.0,0.0,0.0,0.0,0.0,0.0,0.0,0.001852897777777778
