pos,A,C,D,E,F,G,H,I,K,L,M,N,P,Q,R,S,T,V,W,Y
0,0.12195121951219509,0.02439024390243902,0.02439024390243902,0.02439024390243902,0.04878048780487804,0.02439024390243902,0.04878048780487804,0.09756097560975607,0.04878048780487804,0.12195121951219509,0.07317073170731705,0.02439024390243902,0.02439024390243902,0.02439024390243902,0.02439024390243902,0.04878048780487804,0.04878048780487804,0.07317073170731705,0.02439024390243902,0.04878048780487804
1,0.024390243902439025,0.04878048780487805,0.04878048780487805,0.12195121951219512,0.024390243902439025,0.024390243902439025,0.024390243902439025,0.024390243902439025,0.07317073170731707,0.04878048780487805,0.04878048780487805,0.07317073170731707,0.04878048780487805,0.07317073170731707,0.0975609756097561,0.0975609756097561,0.024390243902439025,0.024390243902439025,0.024390243902439025,0.024390243902439025
2,0.07317073170731705,0.02439024390243902,0.02439024390243902,0.1463414634146341,0.04878048780487804,0.02439024390243902,0.02439024390243902,0.02439024390243902,0.04878048780487804,0.07317073170731705,0.02439024390243902,0.02439024390243902,0.02439024390243902,0.1463414634146341,0.02439024390243902,0.02439024390243902,0.04878048780487804,0.07317073170731705,0.02439024390243902,0.07317073170731705
3,0.13846153846153852,0.04615384615384618,0.015384615384615392,0.04615384615384618,0.030769230769230785,0.015384615384615392,0.030769230769230785,0.07692307692307696,0.030769230769230785,0.27692307692307705,0.04615384615384618,0.015384615384615392,0.015384615384615392,0.015384615384615392,0.015384615384615392,0.030769230769230785,0.04615384615384618,0.07692307692307696,0.015384615384615392,0.015384615384615392
4,0.03076923076923077,0.015384615384615385,0.015384615384615385,0.13846153846153847,0.015384615384615385,0.015384615384615385,0.046153846153846156,0.07692307692307693,0.09230769230769231,0.09230769230769231,0.03076923076923077,0.07692307692307693,0.015384615384615385,0.1076923076923077,0.1076923076923077,0.03076923076923077,0.046153846153846156,0.015384615384615385,0.015384615384615385,0.015384615384615385
5,0.07692307692307691,0.015384615384615382,0.0923076923076923,0.10769230769230767,0.015384615384615382,0.030769230769230764,0.015384615384615382,0.030769230769230764,0.06153846153846153,0.07692307692307691,0.015384615384615382,0.04615384615384615,0.015384615384615382,0.0923076923076923,0.10769230769230767,0.04615384615384615,0.04615384615384615,0.030769230769230764,0.015384615384615382,0.06153846153846153
6,0.06153846153846155,0.030769230769230774,0.04615384615384616,0.10769230769230771,0.06153846153846155,0.015384615384615387,0.015384615384615387,0.06153846153846155,0.09230769230769233,0.07692307692307694,0.04615384615384616,0.015384615384615387,0.015384615384615387,0.09230769230769233,0.04615384615384616,0.015384615384615387,0.10769230769230771,0.04615384615384616,0.015384615384615387,0.030769230769230774
7,0.046153846153846156,0.015384615384615385,0.015384615384615385,0.015384615384615385,0.046153846153846156,0.015384615384615385,0.015384615384615385,0.06153846153846154,0.015384615384615385,0.2153846153846154,0.015384615384615385,0.09230769230769231,0.015384615384615385,0.03076923076923077,0.06153846153846154,0.03076923076923077,0.06153846153846154,0.16923076923076924,0.015384615384615385,0.046153846153846156
8,0.10769230769230771,0.015384615384615387,0.04615384615384616,0.1384615384615385,0.030769230769230774,0.030769230769230774,0.030769230769230774,0.015384615384615387,0.09230769230769233,0.06153846153846155,0.015384615384615387,0.030769230769230774,0.015384615384615387,0.10769230769230771,0.07692307692307694,0.030769230769230774,0.04615384615384616,0.06153846153846155,0.015384615384615387,0.030769230769230774
9,0.09230769230769231,0.015384615384615385,0.046153846153846156,0.13846153846153847,0.03076923076923077,0.03076923076923077,0.03076923076923077,0.03076923076923077,0.09230769230769231,0.1076923076923077,0.015384615384615385,0.06153846153846154,0.015384615384615385,0.046153846153846156,0.046153846153846156,0.06153846153846154,0.06153846153846154,0.03076923076923077,0.015384615384615385,0.03076923076923077
10,0.09375,0.015625,0.015625,0.046875,0.03125,0.015625,0.015625,0.0625,0.046875,0.34375,0.015625,0.03125,0.015625,0.046875,0.015625,0.015625,0.046875,0.03125,0.015625,0.078125
11,0.09230769230769233,0.015384615384615389,0.015384615384615389,0.15384615384615388,0.015384615384615389,0.04615384615384616,0.030769230769230778,0.04615384615384616,0.09230769230769233,0.061538461538461556,0.04615384615384616,0.04615384615384616,0.015384615384615389,0.12307692307692311,0.07692307692307694,0.030769230769230778,0.04615384615384616,0.015384615384615389,0.015384615384615389,0.015384615384615389
12,0.10769230769230771,0.015384615384615387,0.07692307692307694,0.1384615384615385,0.030769230769230774,0.04615384615384616,0.06153846153846155,0.015384615384615387,0.06153846153846155,0.030769230769230774,0.015384615384615387,0.015384615384615387,0.015384615384615387,0.06153846153846155,0.07692307692307694,0.07692307692307694,0.06153846153846155,0.04615384615384616,0.015384615384615387,0.030769230769230774
13,0.046153846153846156,0.015384615384615385,0.06153846153846154,0.18461538461538463,0.03076923076923077,0.015384615384615385,0.015384615384615385,0.046153846153846156,0.12307692307692308,0.09230769230769231,0.03076923076923077,0.015384615384615385,0.015384615384615385,0.1076923076923077,0.046153846153846156,0.046153846153846156,0.015384615384615385,0.046153846153846156,0.015384615384615385,0.03076923076923077
14,0.07692307692307693,0.015384615384615385,0.015384615384615385,0.015384615384615385,0.03076923076923077,0.015384615384615385,0.015384615384615385,0.13846153846153847,0.046153846153846156,0.18461538461538463,0.03076923076923077,0.16923076923076924,0.015384615384615385,0.015384615384615385,0.046153846153846156,0.03076923076923077,0.015384615384615385,0.09230769230769231,0.015384615384615385,0.015384615384615385
15,0.07692307692307693,0.015384615384615385,0.12307692307692308,0.1076923076923077,0.03076923076923077,0.03076923076923077,0.03076923076923077,0.03076923076923077,0.1076923076923077,0.046153846153846156,0.06153846153846154,0.015384615384615385,0.015384615384615385,0.06153846153846154,0.06153846153846154,0.06153846153846154,0.03076923076923077,0.015384615384615385,0.03076923076923077,0.046153846153846156
16,0.07692307692307696,0.01538461538461539,0.06153846153846156,0.10769230769230774,0.07692307692307696,0.01538461538461539,0.04615384615384617,0.03076923076923078,0.07692307692307696,0.07692307692307696,0.03076923076923078,0.03076923076923078,0.01538461538461539,0.07692307692307696,0.07692307692307696,0.07692307692307696,0.01538461538461539,0.03076923076923078,0.03076923076923078,0.03076923076923078
17,0.046875,0.03125,0.015625,0.015625,0.03125,0.015625,0.015625,0.0625,0.078125,0.390625,0.015625,0.015625,0.015625,0.015625,0.015625,0.046875,0.046875,0.0625,0.015625,0.046875
18,0.015625,0.03125,0.03125,0.109375,0.03125,0.015625,0.03125,0.015625,0.15625,0.09375,0.03125,0.078125,0.015625,0.125,0.078125,0.03125,0.046875,0.015625,0.03125,0.015625
19,0.078125,0.015625,0.015625,0.140625,0.03125,0.03125,0.03125,0.015625,0.125,0.0625,0.0625,0.046875,0.015625,0.109375,0.0625,0.046875,0.046875,0.015625,0.03125,0.015625
20,0.015384615384615387,0.015384615384615387,0.030769230769230774,0.30769230769230776,0.015384615384615387,0.015384615384615387,0.030769230769230774,0.06153846153846155,0.09230769230769233,0.06153846153846155,0.015384615384615387,0.015384615384615387,0.015384615384615387,0.09230769230769233,0.09230769230769233,0.015384615384615387,0.030769230769230774,0.030769230769230774,0.015384615384615387,0.030769230769230774
21,0.046875,0.015625,0.015625,0.03125,0.03125,0.015625,0.015625,0.125,0.0625,0.1875,0.03125,0.125,0.015625,0.03125,0.015625,0.015625,0.03125,0.15625,0.015625,0.015625
22,0.12307692307692308,0.015384615384615385,0.046153846153846156,0.13846153846153847,0.03076923076923077,0.015384615384615385,0.015384615384615385,0.015384615384615385,0.06153846153846154,0.06153846153846154,0.03076923076923077,0.046153846153846156,0.015384615384615385,0.12307692307692308,0.1076923076923077,0.03076923076923077,0.03076923076923077,0.046153846153846156,0.015384615384615385,0.03076923076923077
23,0.07692307692307693,0.015384615384615385,0.07692307692307693,0.1076923076923077,0.03076923076923077,0.06153846153846154,0.03076923076923077,0.06153846153846154,0.03076923076923077,0.03076923076923077,0.03076923076923077,0.03076923076923077,0.015384615384615385,0.12307692307692308,0.09230769230769231,0.09230769230769231,0.03076923076923077,0.015384615384615385,0.015384615384615385,0.03076923076923077
24,0.015384615384615385,0.015384615384615385,0.03076923076923077,0.046153846153846156,0.046153846153846156,0.015384615384615385,0.03076923076923077,0.07692307692307693,0.03076923076923077,0.46153846153846156,0.015384615384615385,0.015384615384615385,0.015384615384615385,0.03076923076923077,0.015384615384615385,0.03076923076923077,0.03076923076923077,0.03076923076923077,0.015384615384615385,0.03076923076923077
25,0.04545454545454546,0.04545454545454546,0.02272727272727273,0.15909090909090912,0.02272727272727273,0.02272727272727273,0.02272727272727273,0.02272727272727273,0.18181818181818185,0.11363636363636366,0.02272727272727273,0.02272727272727273,0.02272727272727273,0.02272727272727273,0.06818181818181819,0.04545454545454546,0.04545454545454546,0.04545454545454546,0.02272727272727273,0.02272727272727273
26,0.11627906976744183,0.02325581395348837,0.09302325581395347,0.04651162790697674,0.04651162790697674,0.02325581395348837,0.04651162790697674,0.0697674418604651,0.0697674418604651,0.04651162790697674,0.02325581395348837,0.04651162790697674,0.02325581395348837,0.0697674418604651,0.09302325581395347,0.02325581395348837,0.0697674418604651,0.02325581395348837,0.02325581395348837,0.02325581395348837
27,0.04545454545454546,0.02272727272727273,0.04545454545454546,0.11363636363636366,0.04545454545454546,0.02272727272727273,0.02272727272727273,0.02272727272727273,0.06818181818181819,0.15909090909090912,0.02272727272727273,0.02272727272727273,0.02272727272727273,0.13636363636363638,0.02272727272727273,0.04545454545454546,0.04545454545454546,0.06818181818181819,0.02272727272727273,0.02272727272727273
28,0.0681818181818182,0.022727272727272735,0.022727272727272735,0.04545454545454547,0.022727272727272735,0.022727272727272735,0.022727272727272735,0.04545454545454547,0.022727272727272735,0.2727272727272728,0.0681818181818182,0.022727272727272735,0.022727272727272735,0.022727272727272735,0.04545454545454547,0.022727272727272735,0.022727272727272735,0.15909090909090914,0.022727272727272735,0.022727272727272735
