pos,A,C,D,E,F,G,H,I,K,L,M,N,P,Q,R,S,T,V,W,Y
0,0.03225806451612904,0.06451612903225808,0.03225806451612904,0.03225806451612904,0.06451612903225808,0.03225806451612904,0.03225806451612904,0.03225806451612904,0.06451612903225808,0.12903225806451615,0.03225806451612904,0.06451612903225808,0.03225806451612904,0.03225806451612904,0.06451612903225808,0.03225806451612904,0.03225806451612904,0.09677419354838712,0.06451612903225808,0.03225806451612904
1,0.03225806451612904,0.03225806451612904,0.09677419354838712,0.06451612903225808,0.03225806451612904,0.03225806451612904,0.03225806451612904,0.06451612903225808,0.06451612903225808,0.06451612903225808,0.03225806451612904,0.03225806451612904,0.03225806451612904,0.06451612903225808,0.09677419354838712,0.03225806451612904,0.06451612903225808,0.06451612903225808,0.03225806451612904,0.03225806451612904
2,0.06451612903225809,0.032258064516129045,0.032258064516129045,0.06451612903225809,0.12903225806451618,0.032258064516129045,0.032258064516129045,0.032258064516129045,0.06451612903225809,0.09677419354838714,0.032258064516129045,0.032258064516129045,0.032258064516129045,0.06451612903225809,0.06451612903225809,0.032258064516129045,0.06451612903225809,0.032258064516129045,0.032258064516129045,0.032258064516129045
3,0.019230769230769232,0.057692307692307696,0.019230769230769232,0.07692307692307693,0.019230769230769232,0.019230769230769232,0.019230769230769232,0.019230769230769232,0.019230769230769232,0.28846153846153844,0.019230769230769232,0.019230769230769232,0.019230769230769232,0.07692307692307693,0.038461538461538464,0.038461538461538464,0.09615384615384616,0.09615384615384616,0.019230769230769232,0.019230769230769232
4,0.019230769230769232,0.019230769230769232,0.038461538461538464,0.15384615384615385,0.057692307692307696,0.019230769230769232,0.019230769230769232,0.07692307692307693,0.057692307692307696,0.09615384615384616,0.019230769230769232,0.057692307692307696,0.019230769230769232,0.057692307692307696,0.1346153846153846,0.038461538461538464,0.038461538461538464,0.038461538461538464,0.019230769230769232,0.019230769230769232
5,0.09803921568627448,0.019607843137254898,0.039215686274509796,0.1764705882352941,0.019607843137254898,0.019607843137254898,0.019607843137254898,0.039215686274509796,0.05882352941176469,0.11764705882352938,0.019607843137254898,0.05882352941176469,0.019607843137254898,0.09803921568627448,0.05882352941176469,0.039215686274509796,0.019607843137254898,0.039215686274509796,0.019607843137254898,0.019607843137254898
6,0.05660377358490567,0.03773584905660378,0.03773584905660378,0.09433962264150945,0.03773584905660378,0.03773584905660378,0.03773584905660378,0.11320754716981134,0.11320754716981134,0.03773584905660378,0.03773584905660378,0.01886792452830189,0.01886792452830189,0.07547169811320756,0.07547169811320756,0.03773584905660378,0.01886792452830189,0.07547169811320756,0.01886792452830189,0.01886792452830189
7,0.07692307692307693,0.019230769230769232,0.057692307692307696,0.057692307692307696,0.019230769230769232,0.019230769230769232,0.038461538461538464,0.09615384615384616,0.038461538461538464,0.19230769230769232,0.038461538461538464,0.019230769230769232,0.019230769230769232,0.038461538461538464,0.057692307692307696,0.057692307692307696,0.019230769230769232,0.09615384615384616,0.019230769230769232,0.019230769230769232
8,0.03773584905660378,0.01886792452830189,0.09433962264150945,0.13207547169811323,0.01886792452830189,0.01886792452830189,0.05660377358490567,0.05660377358490567,0.03773584905660378,0.09433962264150945,0.01886792452830189,0.05660377358490567,0.01886792452830189,0.13207547169811323,0.07547169811320756,0.03773584905660378,0.03773584905660378,0.01886792452830189,0.01886792452830189,0.01886792452830189
9,0.01886792452830189,0.01886792452830189,0.05660377358490567,0.169811320754717,0.01886792452830189,0.01886792452830189,0.07547169811320756,0.01886792452830189,0.01886792452830189,0.09433962264150945,0.01886792452830189,0.01886792452830189,0.01886792452830189,0.07547169811320756,0.07547169811320756,0.09433962264150945,0.03773584905660378,0.05660377358490567,0.01886792452830189,0.07547169811320756
10,0.11320754716981132,0.03773584905660377,0.018867924528301886,0.018867924528301886,0.03773584905660377,0.018867924528301886,0.03773584905660377,0.11320754716981132,0.018867924528301886,0.22641509433962265,0.05660377358490566,0.018867924528301886,0.018867924528301886,0.018867924528301886,0.05660377358490566,0.05660377358490566,0.03773584905660377,0.05660377358490566,0.018867924528301886,0.018867924528301886
11,0.09433962264150945,0.01886792452830189,0.03773584905660378,0.11320754716981134,0.05660377358490567,0.05660377358490567,0.05660377358490567,0.05660377358490567,0.09433962264150945,0.07547169811320756,0.03773584905660378,0.03773584905660378,0.01886792452830189,0.07547169811320756,0.01886792452830189,0.07547169811320756,0.01886792452830189,0.01886792452830189,0.01886792452830189,0.01886792452830189
12,0.169811320754717,0.01886792452830189,0.05660377358490567,0.07547169811320756,0.01886792452830189,0.01886792452830189,0.01886792452830189,0.01886792452830189,0.01886792452830189,0.09433962264150945,0.03773584905660378,0.07547169811320756,0.01886792452830189,0.11320754716981134,0.05660377358490567,0.11320754716981134,0.01886792452830189,0.01886792452830189,0.01886792452830189,0.01886792452830189
13,0.05660377358490567,0.01886792452830189,0.05660377358490567,0.13207547169811323,0.01886792452830189,0.01886792452830189,0.03773584905660378,0.05660377358490567,0.07547169811320756,0.07547169811320756,0.03773584905660378,0.01886792452830189,0.01886792452830189,0.11320754716981134,0.07547169811320756,0.01886792452830189,0.05660377358490567,0.07547169811320756,0.01886792452830189,0.01886792452830189
14,0.07692307692307691,0.01923076923076923,0.03846153846153846,0.01923076923076923,0.01923076923076923,0.01923076923076923,0.01923076923076923,0.19230769230769226,0.07692307692307691,0.07692307692307691,0.03846153846153846,0.01923076923076923,0.01923076923076923,0.07692307692307691,0.05769230769230768,0.05769230769230768,0.05769230769230768,0.05769230769230768,0.01923076923076923,0.03846153846153846
15,0.11320754716981134,0.01886792452830189,0.07547169811320756,0.09433962264150945,0.01886792452830189,0.05660377358490567,0.01886792452830189,0.01886792452830189,0.07547169811320756,0.09433962264150945,0.01886792452830189,0.03773584905660378,0.01886792452830189,0.09433962264150945,0.07547169811320756,0.09433962264150945,0.01886792452830189,0.01886792452830189,0.01886792452830189,0.01886792452830189
16,0.11320754716981134,0.03773584905660378,0.03773584905660378,0.15094339622641512,0.01886792452830189,0.03773584905660378,0.01886792452830189,0.05660377358490567,0.07547169811320756,0.05660377358490567,0.03773584905660378,0.03773584905660378,0.01886792452830189,0.07547169811320756,0.07547169811320756,0.05660377358490567,0.03773584905660378,0.01886792452830189,0.01886792452830189,0.01886792452830189
17,0.03773584905660378,0.05660377358490567,0.01886792452830189,0.09433962264150945,0.07547169811320756,0.01886792452830189,0.01886792452830189,0.05660377358490567,0.01886792452830189,0.3584905660377359,0.01886792452830189,0.01886792452830189,0.01886792452830189,0.01886792452830189,0.01886792452830189,0.05660377358490567,0.01886792452830189,0.03773584905660378,0.01886792452830189,0.01886792452830189
18,0.03773584905660378,0.01886792452830189,0.07547169811320756,0.15094339622641512,0.01886792452830189,0.03773584905660378,0.03773584905660378,0.03773584905660378,0.07547169811320756,0.03773584905660378,0.03773584905660378,0.03773584905660378,0.01886792452830189,0.09433962264150945,0.05660377358490567,0.05660377358490567,0.03773584905660378,0.09433962264150945,0.01886792452830189,0.01886792452830189
19,0.11320754716981134,0.01886792452830189,0.05660377358490567,0.07547169811320756,0.03773584905660378,0.03773584905660378,0.05660377358490567,0.01886792452830189,0.07547169811320756,0.01886792452830189,0.01886792452830189,0.03773584905660378,0.01886792452830189,0.05660377358490567,0.09433962264150945,0.09433962264150945,0.09433962264150945,0.03773584905660378,0.01886792452830189,0.01886792452830189
20,0.07692307692307691,0.01923076923076923,0.01923076923076923,0.09615384615384613,0.03846153846153846,0.01923076923076923,0.01923076923076923,0.11538461538461536,0.07692307692307691,0.11538461538461536,0.07692307692307691,0.03846153846153846,0.01923076923076923,0.03846153846153846,0.07692307692307691,0.03846153846153846,0.01923076923076923,0.05769230769230768,0.01923076923076923,0.01923076923076923
21,0.09433962264150945,0.01886792452830189,0.01886792452830189,0.05660377358490567,0.01886792452830189,0.01886792452830189,0.03773584905660378,0.11320754716981134,0.05660377358490567,0.09433962264150945,0.05660377358490567,0.05660377358490567,0.01886792452830189,0.07547169811320756,0.13207547169811323,0.01886792452830189,0.03773584905660378,0.03773584905660378,0.01886792452830189,0.01886792452830189
22,0.09433962264150945,0.01886792452830189,0.05660377358490567,0.09433962264150945,0.01886792452830189,0.09433962264150945,0.01886792452830189,0.01886792452830189,0.07547169811320756,0.03773584905660378,0.01886792452830189,0.05660377358490567,0.01886792452830189,0.05660377358490567,0.09433962264150945,0.07547169811320756,0.05660377358490567,0.03773584905660378,0.03773584905660378,0.01886792452830189
23,0.05660377358490567,0.01886792452830189,0.03773584905660378,0.169811320754717,0.01886792452830189,0.05660377358490567,0.03773584905660378,0.03773584905660378,0.09433962264150945,0.01886792452830189,0.03773584905660378,0.07547169811320756,0.01886792452830189,0.03773584905660378,0.07547169811320756,0.05660377358490567,0.05660377358490567,0.03773584905660378,0.01886792452830189,0.03773584905660378
24,0.018867924528301886,0.018867924528301886,0.018867924528301886,0.05660377358490566,0.07547169811320754,0.018867924528301886,0.03773584905660377,0.1320754716981132,0.03773584905660377,0.22641509433962265,0.09433962264150944,0.018867924528301886,0.018867924528301886,0.03773584905660377,0.018867924528301886,0.018867924528301886,0.018867924528301886,0.07547169811320754,0.018867924528301886,0.03773584905660377
25,0.023809523809523808,0.023809523809523808,0.047619047619047616,0.11904761904761904,0.023809523809523808,0.023809523809523808,0.023809523809523808,0.047619047619047616,0.09523809523809523,0.09523809523809523,0.047619047619047616,0.023809523809523808,0.023809523809523808,0.09523809523809523,0.07142857142857142,0.07142857142857142,0.023809523809523808,0.07142857142857142,0.023809523809523808,0.023809523809523808
26,0.09523809523809525,0.02380952380952381,0.09523809523809525,0.11904761904761905,0.02380952380952381,0.02380952380952381,0.04761904761904762,0.02380952380952381,0.09523809523809525,0.07142857142857144,0.04761904761904762,0.02380952380952381,0.02380952380952381,0.07142857142857144,0.07142857142857144,0.02380952380952381,0.04761904761904762,0.02380952380952381,0.02380952380952381,0.02380952380952381
27,0.0952380952380952,0.0238095238095238,0.07142857142857141,0.0952380952380952,0.0238095238095238,0.0238095238095238,0.0238095238095238,0.07142857142857141,0.0476190476190476,0.14285714285714282,0.0238095238095238,0.0476190476190476,0.0238095238095238,0.0238095238095238,0.0952380952380952,0.0238095238095238,0.0476190476190476,0.0476190476190476,0.0238095238095238,0.0238095238095238
28,0.07317073170731707,0.024390243902439025,0.024390243902439025,0.024390243902439025,0.024390243902439025,0.04878048780487805,0.07317073170731707,0.14634146341463414,0.04878048780487805,0.14634146341463414,0.07317073170731707,0.04878048780487805,0.024390243902439025,0.024390243902439025,0.04878048780487805,0.024390243902439025,0.04878048780487805,0.024390243902439025,0.024390243902439025,0.024390243902439025
29,0.0476190476190476,0.0476190476190476,0.0476190476190476,0.0476190476190476,0.0476190476190476,0.0476190476190476,0.0476190476190476,0.0476190476190476,0.0476190476190476,0.0476190476190476,0.0476190476190476,0.0476190476190476,0.0476190476190476,0.0476190476190476,0.0476190476190476,0.0476190476190476,0.0476190476190476,0.0476190476190476,0.0952380952380952,0.0476190476190476
